matrix
200
187 38 140 35 133
66 78 149 153 100 193 103 24 91 198 43 162 157 148 70 110 92 95 96 8 52 19 32 112 114 139 125 59 81 166 13 89 36 140 97 189 55 133 49 167 115 147 151 83 71 39 4 11 31 20 73 134 67 88 105 76 178 57 107 117 9 199 58 190 35 146 152 25 85 200 121 63 93 34 16 124 150 128 47 86 53 79 22
116 57 84 44 69 171 186 125 97 95 53 104 162 11 86 157 21 115 39 197 141 28 176 68 96 126 120 83 102 13 139 62 89 136 154 35 82 200 124 129 140 142 31 178 81 94 117 93 109 192 78 191 98 8 27 19 106 40 190 25 7 196 54 72 148 33 128 182 158 103 12 59 63 184 183 194 101 134 160 41 149 5 138 26 73 52 30 135 38 164 156 155 199 24 163 29 188 43 147 119 122 168
80 12 8 91 118 174 17 159 163 189 197 89 107 14 60 121 111 155 90 72 200 198 153 55 52 9 143 140 92 138 81 50 126 70 194 21 25 54 165 87 36 139 78 191 76 167 157 73 129 11 116 71 182 13 15 161 141 83 120 35 171 128 6 110 84 158 103 46 190 59 39 66 145 168 61 64 199 53 127 28 196 27 86 41 169 93 65 77 178 181 42 37 106 7 123 96 188 113 125 56 47 164 187 45 122 99 30 151 48 49 195 68 152 144 23 98 104 130 63 82 183 44 186 94 62 160 124 97 26 19 131 24 148 16 176 29 88 175 43 193 156 67 32 102 57 166 146 38 147 180 18 133
153 37 47 172 62 185 64 143 125 197 130 24 148 17 128 52 33 149 7 50 113 86 174 165 100 124 150 46 159 152 99 169 84 180 44 138 49
183 81 160 177 148 154 173 69 95 47 52 144 40 97 59 181 175 197 111 53 87 164 60 73 13 146 104 54 147 34 23 96 133 98 20 66 9 135 75 149 171 129
111 102 87 17 171 189 9 99 112 57 97 142 10 85 12 103 125 38 194 66 152 37 199 61 58 13 42 158 196 84 170 149 174
40 112 171 32 136 17 170 163 45 52 106 104 95 105 59 120 60 18 181 194 149 108 21 186 197 139 102 107 159 72 152 66 184 65 85 156 177 110 155 147 145 11 185 49 169 160 109 140 165 144 124 127 12 82 26 86 121 57 103 42 116 73 138 173 157 70 39 96 62 129 118 22 75 192 50 164 78 83 90 61 67 25 183 193 38 101 131 14 74 154 146 114 111 54 37 172 117 200 91 150 58 33 92 174 80 47 20 23 122 168 63 36 180 158 162 81 143 13 41 175 113 43 179 195 56 27 34 77 48 98 24 44 130 167 135 128 119 46 166 189 30 53 191 137 199
127 52 71 85 44 137 77 145 146 72 36 109 170 129 56 21 20 165 35 15 101 83 149 90 114 190 12 151 29 193 61 41 27 115 79 185 39 102 187 188 99 68 113 138 103 69 158 112 156 153 135 133 198 183 123 147 132 111 177 38 104 140 186 184 67 116 14 18 51 176 180 175 26 59 54 28 97 130 76 11 125 40 73 98 162 194 136 106 179 178 181 160 144 60 45 84 197 22 50 182 70 154 25 88 118 93 30 172 43 107 195 31 122 124 23 13 126 161 199 128 87 120 141 167 164 34 157 53 91 65 105 100 150 191 174 142 47 166 57 78 196 189 131 48 55 66 108 95 89 96 37 46 42 168 155 152 110 148 139 49 17 32 63 24 200 75 121 192 19 119
131 46 182 52 161 125 118 87 57 146 111 73 95 197 190 137 105 141 43 78 181 68 61 15 42 84 69 49 192 154 155 40 60 147
44 89 149 76 181 196 51 148 177 147 108 86 163 176 153 171 64 46 139 45 142 159 164 68 154 71 19 96 125 84 190 183 116 18 138 31 48 137 131 146 93 74 178 55 156 56 39
101 126 118 45 166 144 64 194 187 170 104 196 95 37 58 26 68 86 167 75 142 96 25 82 150 176 173 112 165 115 50 107 111 199 36 143 145 124 130 149 146 131 110 134 53 66 109
83 35 145 105 185 94 56 170 197 64 135 78 122 104 92 114 72 131 23 37 191 141 132 40 159 82 192 109 53 101 80 107 139 76 168 73 116 15 177 153 118 136 90 62 17 31 158 43 190 69 111 152 150 120 123 134 85 88 50 151 113 162 27 184 160 97 98 164 70 155 61 142 47 54 58 39 110 179 171 74 20 117 143 57 29 124 89 45 126 65 103 59 163 48 199 180 38 41 86 173 137 154 16 34 26 108 156 30 81 147 96 102 130 140 127 115 133 194 28 169 32 67 21 125 193 79 19 63 55 95 75 181 174 87 106 149 71 46 148 144 49 178 77 36 66 25 195 60 99 52
37 165 64 59 152 126 86 39 178 69 140 134 29 194 114 18 71 81 142 110 158 80 144 151 23 65 174 31 170 120
56 81 19 121 138 160 33 66 197 92 188 38 165 113 183 31 23 123 125 184 167 55 200 71 140 32 194 193 39 25 22 52 115 107 148 199 139 80 106 54 171 181 118 153 72 65 76 20 119 130 170 128 26 24 43 136 64 35 79 134 103 173 85 196 189 68 109 17 191 41 180 59 78 169 94 45 27 195 34 186 74 77 133 177 147 104 152 135 156 30 105 57 70 48 187 18 61 122 95 60 91 63 129 164 137 154 131 112 84 29 58 149 69 97 42 146 53 158 108 51 182 75 114 145 46 176 141 67 100 166 175 83 127 98 178 49 198 174 190 88 161 93 101 96 102 132 82 179 126 44 37 89 157 124 111 73 120 143 142 172 99 110 168 40 86 87
90 143 177 197 84 111 151 156 195 78 87 105 160 200 137 80 70 157 66 170 35 71 29 119 83 67 142 141 127 196 52 129 39 93 33 19 115 34 79 61 21 140 199 125 171 188 43 54 183 51 187 76 25 57 27 161 173 77 41 22 20 155 117 130 68 72 159 150 118 168 165 178 120 103 69 146 50 31 182 152 88 101 89 163 65 106 49 40 176 95
112 120 54 86 62 161 166 183 56 114 80 39 177 37 123 29 194 171 156 146 61 187 102 57
155 144 153 156 94 193 138 87 63 39 98 109 89 86 175 152 190 83 44 103 168 182 51 105 25 50 200 82 37 28 123 145 96 55 135 192 26 56 32 119 35 111 113 79 54 88 22 38 76 177 180 116 36 163 189 157 128 176 188 118 199 160 43 68 181 107 162 173 60 140 67 104 101 115 106 74 154 84 183 77 131 117 198 148 100 99 121 80 30 159 133 91 161 33 126 24 71 20 23 47 57 45 134 90 143 141 31 185 27 65 110 108 102
109 139 173 45 184 59 165 126 199 87 77 186 54 129 57 131 25 193 196 102 127 81 189 104 58 144 52 37 111 177 182 113 27 76 149 43 112 119 73 158 23 118 68 163 170 152 146 29 160 154 138 56 200 65 185 191 28 75 63 85 128 78 167 122 198 30 66 159 88 22 171 125 35 188 117 97 92 84 47 190 183 153 172 99 96 130 41 140 106 32 72 141 83 175 95 123 156 164 46 166 90 135 161 49 74 103 155 79 69 40 197 169 137 148 108 176 192 44 194 178 26 116 48 110 70 101 151 136 91 61 86 132 38 179 124 143 94 82 51 180 121 168 33 181 120 50 42 62 100 71 60 174
109 198 32 65 77 95 63 144 55 133 103 43 141 88 94 62 139 197 47 187 119 100 93 124 164 154 82 188 125 41 90 61 106 147 120
112 180 146 60 191 118 167 110 138 75 65 183 31 136 72 52 84 101 77 189 62 144 107 66 140 88 28 90 70 57 163 143 156 169 50 29 23 190 45 56 148 27 184 76 100 99 129 48 149 63 121 130 173 199 194 106 157 178 170 188 61 34 192 135 193 160 86 109 74 116 43 113 53 128 131
172 41 92 143 182 77 106 69 57 35 200 189 63 116 170 98 62 135 39 131 161 192 48 150 125 159 174 186 68 140 126 162 109 151 51 78 118 139 50 199 190 153 123 165 28 128 86 184 32 36 84 105 185 34 171 110 137 47 117 102 56 33 79 44 113 188 173 142 132 87 164 107 121 82 147 90 149 160 175 194
153 107 38 67 65 113 170 183 98 140 88 101 150 106 71 109 105 193 151 191 125 152 138 29 96 90 85 32 75 196 116 83 111 62 108 161 145 89 74 27 129 141 180 167 56 95 158 162 123 36 30 127 73 190 166 70 54 149 171 133 134 181 118 28 102 99 42 58 156 92 47 168 198 100 128 187 26 177 44
134 125 90 121 185 175 32 61 33 71 149 133 109 31 172 147 44 48 128 137 103 151 73 55 26 104 53 178 127 81 75 138 62 187 188 160 186 136 129 197 96 159 161 116 193 200 143 170 192 176 131 145 156 60 63 51 173 183 112 78 77 190 39 106 179 29 54 30 180 191 141 146 119 167 114 97 28 76 198 196 102 118 92 158 120 67 100 144 132 105 94 142 174 82 98 182 27 88 83 107 47 50 74 46 117 34 139 59 115 43 40 148 177 123 165 84 99 154 86 152 93 155 69 41 70 37 195 108 157 135 153 189 150 52 85 124 42 164 56 166 68 184 95 162 89 57 169 140 101 194 66 45 113 126 36 49 111 72 64 79 122 168 58 110 199 80 87 35 38 65 181 171
147 163 32 92 36 139 63 71 105 181 81
141 112 38 128 155 73 84 80 109 130 93 117
197 106 150 104 95
134 54 35 106 166 83 38
131 195 47 111 185 55 76 161 31
32 74 170 83 112 175 108 188 107 45 157 143 60 142 160 84 102 141 130 197 41 44 52 139 63 78 95 43 47 199 129 131 152 150 37 134 137 158 135 38 122 161 183 165 185 119 190 174 194 177 65 67 46 59 118 181 85 94 168 81 156 68 39 191 133 180 187 80 50 40 155 70 186 89 169 144 184 48
85 167 46 104 41 96 145 58 163 67 160 196 177 146 174 63 39 114 159 126 47 191 141 137 184 81 75 60 48 59 132 93 102 87 180 133 192 52 50 70 199 54 86 89 197 112 68 74 62 110 179 80 182 103 155 119 77 57 183 95 97 161 106 122 139 94 121 105 176 185 98 90 88 108 101 33 144 35 189 45 40 71 66 118 128 34 69 200 64 56 175 148 198 125 171 49 42 100 82 53 83 124 55 117
138 83 58 139 164 147 145 180 52 80 182 143 117 152 105 69 88 129 39 106 94 67 95 175 85 127 68 195 43 176 47 189
106 92 179 174 59 62 171 55 152 141 116 79 138 101 87 166 64 40 108 96 132 103 95 124 65 82 167 181 139 192 200 86 130 73 71 45 112 111 131 114 145 49 159 109 76 41 196 60 126 177 68 70 102 170 190 129 105
63 159 195 168 110 131 157 111 153 156 191 61 42 183 173 115 91 93 148 48 147 69 102 163 104 70 186 46 50 36 170 66 38 68 171 139 146 98 144 100 52 79 89 41 55 114 198 37 129 117 106 87 124 184 65 155 57 174 83 145 95 138 176 88 67 53 109 158 182 81 43 80 75 161 196 99 135 179 165 185 189 149 190 40 160 175 180 105 132 193 74 169 192 167 116 78 126 121 101 142 137 164 200 71 119 64 49 108 51 97 60 85 73 118 72 76 39 154 122 162 134 84 103 150 197 127 143 194 130 120 128 140 181 177 166 94 47 199 107 58 54 77 123 45 112 86 187 136 92 141 172 90 59
187 57 129 65 171 132 122 163 105 175 130 167 150 168 53 68 158 78 104 157 95 174 159 63 113 62 156 37 128 148 165 127 166 45 98 107 77 193 67 200 134 75 185 97 136 140 89 108 181 196 126 80 106 81 56 176 61 192 179 146 92 58 151 103 49 82 94 76 70 99 145 169 141 162 198 144 87 183 118 112 47 197 64 102 190 74 117 191 44 160 149 123 119 111 50 133 69 73 93 40 60 180 59 125 177 79 170 39 96 173 41 54 121 84 109 46 66 189 143 178 72 51 188 90 42 101 182 195 100 153 110 131 155 154 135 116 139 91 184 43 152 71 114 142 147 164 120 115 48 52 88 38 85 186 55 199 172 161 138 137 83 124 194
57 50 124 88 110 188 107 48 70 97 100 61 115 41 190 156 99 43 171 140 146 68 176 89 104 42 73 142 177 75 174 95 139 90 117 53 109 93 147 80 137 74 185 196 162 163 62 66 72 111 77 63 197 136 141 193 125 45 82 189 158 106 152 173 49 114 103 122 192 160 56 144 92
122 183 144 74 49 50 162 166 96 60 72 97 180 120 165 118 114 71 104 195 105 138 44 129 106 170 164 112 103 89 39 200 83 119 57 135 163 146 136 108 159 100 85 152 158 161 145 149 147 150 187 194
133 118 59 151 66 173 68 180 166 57 184 145 154 139 171 138 111 167 71 168 169 124 199 196 175 161 102
63 103 55 114 117 87 105 150 175 60 155 184 181 83 118 183 146 186 91 120 140 41 94 144 72 151 130 185 173 57 88 108 157 196 195 89 102 174 182 116 82 192 169 143 199 197 52 113 134 161 44 153 198 96 92 163 138 68 188 123 131 76 170 42 43 171 145 189 74 49 159 95 80 177 64 101 147 85 133 79 121 167 168 132 149 71 158 56 59 66 78 75 104 47 125 136 73 90 165
80 70 75 69 101 57 129 43 140 155 183 81 83 62 177 139 66 65 73 72 163 96 63 146 108 111 50 169 131 197 109 47 143 168 186 128 53 93 118 166 193 175 119 77 151 95 150 121 149 153 154 176 60 156 52 147 85 116 107 99 148 88 97 124 198 91 67 92 79 192 188 167 190 135 189 59 113 76 162 180 178 55 87 122 157 86 49 200 142 144 152 160 182 42 165 194 132 54 58 123 185 71 102 74
112 128 184 123 90 153 181 46 119 166 175 97 88 105 148 92 141 186 94 60 126 196 87 152 136 101 64 158 168 73 129 163 162 71 179 170 61 86 133 124 103 122 164 176 121 83 182 132 54 115 104 200 99 177 82 183 66 137 95 74 187 53 55 146 127 113 50 140 154 70 139 56 161 118 81 144 155 62 165 98 49 100 107 142 51 135 147 198 197 108 84 156 189 77 173 78 111 109 199 93 65 59 76 67 114 150 117 138 149 75 185 47 57 157 169 85 130 191 188 102 145 160 192 171 194 120 43 89 178 131 44 116 58 110 79 193 143 48 96 134 80 167 195 72 63 151 125 69 45 180 174 159 172 91 52 190
95 44 111 51 158
134 81 107 165 108 143 79 106 150 73 179 114 141 49 92 177 178 199 126 47 127 69 180 148 80 121 70 168 164 125 197 131 189 136 149 161 98 169 94 170 46 122 50 57 101 194 147 88 187 65 159 182 115 87 160 176 173 181 74 75 167 119 83 63 102 95 66 163 116 71 56 61 171 109 190 120 184 172 162 157 193 155 138 133 151 130 64 45 67 59 78 58 174 140 104 195 186 96 112 118 142 123 145 153 154 97 200 76 110 196 198 62 188 53 72 89 100 158 192 128 183 137 111 82 84 146 48 103 113 90 156 129 132 99 185 86 54 51 93 124 91 55 60 52 191 117
185 52 161 194 196 51 117 150 149 186 65 55 63 176 68 53 106 99 89 87 93 164 74 100 171 82 159 154 177 139 124 127 145 136 188 133 169 158 81 104 137 83 178 54 183 102 170 98 69 71 175 135 114 200 75 192 129 132 138 62 141 128 112 47 153 162 61 157 94 76 160 46 167 165 182 107 197 84 86 163 91 140 60 97 96 109 105 119 122 66 111 78 108 130 116 189 80 148 121 48 179 120 57 92 156 195 199 142 67 173 85 155 172 198 166
197 190 68 66 94 161 178 134 50 81 71 181 193 73 128 70 175 167 156 145 117 140 53 141 111 65 110 136 75 172 69 170 101 180 79 114 142 90 189 82 173 154 74
194 118 133 51 75 58 199 49 129 139 197 189 72 178 174 162 165 57 83 50 104 79 200 173 131 73 198 112 161 80 185 156 148 137 107 74 123 184 55 170 163 188 143 92 151 84 96 108 95 82 146 132 168 60 81 130 63 76 186 54 115 193 90 128 65 68 179 93 99 109 126 105 114 175 66 167 145 135 169 117 134 102 192 69 113 98 94 195 150 119 160 149 87 191 122 62 78 100 121 86 106 71 64 61 180 67 181 187 153 183 166 141 172 70 182 127 196 91 101 176 111 53 138 159 124 152 177 48 140 158 147 103 52 120 116 59 144 56 88 154 171
113 169 83 106 150 197 158 128 70 167 86 59 162 174 129 198 189 53 72 55 180 85 94 114 186 82 160 73 185 193 142 159 164 156 147 179 89 137 199 157 97 100 121 75 154 88 149 102 105 118 139 155 135 110 99 187 153 79 195 138 65 190 56 67 131 54 123 134 172 141 182 184 80 57 145 115 140 103 119 125 120 132 68 126 63 163 117 161 173 144 194 166 178 175 181 127 96
72 192 146 133
107 77 174 163 129 99
57 93 139 89 110 193 84 90 81 124 131 130 161 80 150 91 168 177 114 133 194 132 74 143 67 126 135 64 60 104 96 121 87 140 163 184 70 73 181
189 119 183 198 74 75 90 117 94 200 100 61 161 150 133 81 169 146 109 88 87 191 132 123 152 141 180 110 177 70 193 64 122 145 82 63 127 124 156 188 91 72 105 194 78 111 99 55 186 80 65 128 172 160 185 167 112 57 168 179 71 86 136 155 102 56 131 89 170 67 147 92 114 166 190 68 162 163 76 58 118 96 54 199 108 93 171 138 116 143 187 157 98 69 107 97 115 153 95 182 130 77 142 129 151 84 53 181 83 195 135 159 120 154 125 139 174 66 148 184 62 197 104 178 175 137 126 121 176 196 59 134 60 106 149 140 85 113
123 146 108 166 195 170 141 58 183 172 157 72 117 153 180 143 81 147 109 163 155 82 175 113 83 156 73 62 161 140 133 197 65 90 173 192 188 128 115 144 179 105 134 200 103 114 100 167 78 93 149 76 94 160 138 84 57 135 129 70 148 118 85 97 111 96 198 80 152 67 119 174 112 110 181 185 104 169 131 86 127 69 194 66 154 79 132 91 176 164 184 151 191 199 71 55 61 99 168 190 158 137 139 116 130
182 62 96 146 164 180 145 143 103 60
99 160 141 151 120 144 67 106 109 145 85 156 194 75 118 108 56 71 149 129 94 87 95 117 84 157 132 61 193 143 152 191 133 76 197 121 155 188 92 111 77 88 103 190 80 78 113 138 173 167 165 114 119 179 134 146 86 89 180 105 174 59 91 164 183 187 161 140 70 107 125 139 154 104 97 142 163 182 176 60 162 101 153 66 81 116 170 74 137 83 72 185 65 82 147 57 168 79 189 102 131 68 196 177 62 100 130 135 175 150 122 169 192 198 126 128
69 102 106 118 92 74 160 84 170 143 138 116 181 189 184 152 168 179
60 127 101 65 146 75 126 77 179 113 156 119 64 162 121 74 68 124 182 165 186 96 80 110 99 154 200 157 164 199 137 72 61 158 188 136 169 151 177 138 81 123 130 139 194 128 95 83 198 59 167 90 108 195 66 78 89 71 152 107 168 150 160 100 175 111 173 104 149 153 193 142 170 105 115 192 112 190 88 94 196 62 144 82 185 87 180 141 125 102 98 161 189 73 163 120 118 183 191 132 145 197 109 181 79 140 92 133 91 70 69 174 86 117 103 176 147
147 117 198 79 169 134 191 95 175 195 93 114 148 189 92 166 78 176 104 89 119 199 170 85 74 68 178 61 187 101 177 59 140 183 100 81 69 70 129 125 184 139 84 193 136 115 190 182 142 66 103 167 196 126 154 200 161 155 171 172 107 60 123 152 98 145 110 151 72 141 96 62 143 153 163 90 144 162 186 63 130
111 117 180 168 132 133 195 185 184 82 80 72 120 137 88 159 98 76 87 100 193 199 143 161 75 94 101 128 149 90 95 152 164 119 187 79 71 115 147 62 200 160 144 81 63 97 162 78 190 67 73 198 106 85 74 154 148 155 158 113 104 125 150 110 103 138 129 183 66 186 136 70 166 61 182 112 171 123 131 92 126 65 69 107 108 189 156 191 130 196 157 172 134 114 77 121 127 109 188 175 181 118
154 182 108 188 169 144 111 137 133 104 89 71 150 70 85 127 174 160 185 107 139 145 99 128 105 186 129 69 121 90 142 84 163 109 88 197 75 126 86 91 74 190 83 134 78 198 68 95 97 175 151 117 64 162 81 156 120 138 136 164 110 146 180 147 106 161 80 118 62 148 166 194 158 143 157 73 119 159 184 181 177 93 191 131 98 100 187 61 199 92 115 72 103 172 82 114 65 112 195 165 141 153 200 149 196 96 124 66 132 76 94 77 178 63 125 173 193 123 155 170 79 122 167 179 176 101 140 130 87 192 152 135 113
125 62 123 142 70 188 157 130 131 140 168 200 183 141 75 91 107 166 64 139 114 93 167 198 127 179 68 72 74 87 164 106 192 185 144 160 169 153 137 109 197 136 77 172 98 102 132 78 66 71 176 177 162 122 180 90 101 99 134 89 81 163 158 159 92 182 174 133 97 146 124 115 138 150 148 135 155 193 171 126 129 79 88 161 119 145 195 73 112 80 117 128 110 95 154 196 83 76 65 199 96 121 63 189 190 105 187 69 108 191 149 113 194 156 86 94 82 152 103 85 175 111 151 143 116 184 67 84 170 120 178 173 186 100 165
193 150 122 98 102 97 96 77 136 79 90 187 165 170 72 141 68 67 184 128 149 190 172 130 166 94 64 110 132 135 80 81 168 169 114 185 116 140 119 108 99 147 106 118 189 133 156 63 76 85 142 134 161 199 88 146 65 162 123 200 101 100 174 126 163 157 124 107 115 181 129 195 75 154 192 177 171 173 167 182 103 105 125 152 131 191 160 183 197 139 66 112 145 158 155 159 179 78 178 121 84 104 92 144 73 175 93 120 87 198 71 83 127 86 113 194 111 148 143 82 164 180 74 196 188 109 153 137 176 117
114 81 89 176 85 122 173 170 66 77 197 165 200 188 121 169 181 110 101 141 193 178 99 72 137 180 86 143 139 167 108 64 142 103 147 136 158 172 82 150 140 189 118 87 83 84 155 184 187 151 80 100 124 134 102 156 104 88 152 159 130 174 166 120 199 149 163 157 95 185 160 106 133 161 78 111 131 71 132 117 105 190 109 91 186 119 92 90 67 191 69 115 116 125 196 79 195 164 74 182 76 168 123 113 144 75 73 126 112 175 138 162 177 171 127 98 68 135 128 148 65 198 145 194 94 96 154 129 146 97 107 192 70 183 153
108 85 107 186 138 185 151 130 149 69 103 126 86 75 176 74 98 150 141 193 104 84 118 175 124 76 102 165 136 154 93 77 68 178 190 92 170 127 144 179 196 129 89 166 67 91 200 189 113 173 133 172 131 197 81 111 164 146 168 188 194 65 128 110 160 80 115 162 155 184 135 148 117 97 183 78 94 187 158 123 199 120 157 177 147 73 99 143 140 161 114 70 132 116 182 152 101 169 134 156 181 71 139 159 137 192
150 99 77 139 105
165 96 77 83 145 194 82 71 182 142 197 152 95 144 164 153 137 176 192 131 103 99 69 67 185 149 138 88 127 120 159 195 196 126 93 97 100 70 110 129 147 121 94 150 119 132 161
91 171 78 90 88
153 74 84 154 169 192 193 137 80 147 196 121 114 186 140 162 124 200 111 85 104 134 152 191 178 106 150 107 70 199 92 127 103 76 113 182 71 160 123 190 73 109 175 194 98 141 122 97 146 171 189 159 101 142 117 129 96 166 145 79 195 95 83 77 75 180 125 143 105 99 130 81 197 187 116 132
186 175 111 98 91 193
110 192 82 146 124 90 120 200 135 186 148 87 77 86 137 119 169 166 179 157 97 181 196 185 93 155 177 83 161 118 114 125 144 95 145 84 78 147 100 111 138 151 139 113 163 134 112 178 94 76 193 102
100 137 163 98 121 73 119 146 112 123 120 118 84 197 200 160 88 170 122 105 113 175 151 168 167 169 196 128 74 186 138 161 75 158 110 172 192 91 106 103 83 157 193 165 107 177 95 89 183 159 126 156 166 190 136 97 199 116 174 101 86 82 115 117 104 124 80 108 198 148 185 152 141 129 140 150 77 139 114 94 153 147 162 189 179 187 79 180 133 93 87 182 164 78 184 131 90 178 132 134 96 154 171 155 92 173 181 149 72 176 111 143 142 125
105 138 124 78 166 177 171 134 172 94 145 109 165 196 161 167 131 83 191 163 186 126 103 74 148 133 81 92 118 122 180 73 183 184 143 192 176 173 194 139 151 160 195 185 87 93 175 200 101 91 116 125 121 150 198 99 84 106 168 130 129 110 89 136 119 123 164 140 179 174 146 199 95 188 190 158 132 135 169 141 120 144 115 114 90 187 77 178 149 155 104 88 111 75 102 181 170
169 105 76 120 160 142 155 126 85 159 172 156 114 136 188 123 81 148 145 157 198 133 185 135 170 147 79 86 98 119 168 150 82 174 137 117 112 163 176 189 139 125 192 75 87 103 95 138 177 99 140 183 108 88 166 165 106 121 84 92 74 171 144 161 100 181 154 158 77 167 128 180 134 153 116 191 187 124 190 127 91 109 115 101 149 141 104 152 131 175 83 107 102 164 111 186 182 90 118 195 178 96 129 196 93 184 146 162 179 194 110 80 199 130 151 143 97 113
198 148 85 158 82 98 97 119 129 81 133 135 160 76 104 102 180 88 116 109 93 165 185 96 184 179 152 79 103 139 195 169 172 111 114 153 78 156 125 193 131 110 99 105 87 192 200 181 122 83 186 163 91 101 170
89 87 167 98 114 91 103 121 77 188 132 122 184 143 125 105 164 177 124 166 106 97 175 92 140 83 149 195 186 147 160 127 96 85 200 150 174 192 153 131 169 187 158 156 135 100 130 161 115 185 108 181 193 191 144 134 145
164 133 83 78 152 178 175 92 121 99 77 155 158 80 114 134 189 145 159 165 180 91 160 94 140 89 126 162 82 136 179 199 112 184 110 119 101 194 116 135 187 125 185 195 163 97 198 154 117 171 168 139 88 141 176 174 182 87 146 148 84 161 200 151 170 157 79 156
98 129 132 177 158 134 127 90 99 198 174 153 130 195 197 84 163
101 105 92 99 82 145 139
147 100 157 129 126 154 176 162 189 167 132 96 105 183 107 130 93 104 170 196 117 137 145 109 83 121 92 138 188 198 108 88 186 106 128 91 190 171 140 160 113 179 172 174 89 192 134 144 124 195 102 184 94 165 199 180 95 114 185 152 156 122 86 200 194
140 101 148 145 125 142 177 105 97 84 93 143 189 86 192 102 159 126 147 182 82 116 89 107 160 172 149 154 167 155 91 195 111 150 152 170 191 163 103 83 100 187 118 166 157 132 190 137 169 175 81 198 131 162 124 113 121 134 188 186 151 133 185 168 178 128 92 119 144
100 161 84 197 128 110 96 95 144 86 109 195 196 124 184 88 187 102 104 157 199 175 82 148 114 188 163 164 85 107 171 132 141 111 137 129 127 146 103 89 112 134 83 87 189 90 181 194 94 130 118 162 177 138 183 155 121 91 182 98 154 166 151 119
88 84 144 89 126 174 98 132 95 189 191 102 123 91 175 110 152 190
159 88 193 128 181 120 101 119 162 145 109 140 124 168 136 199 104 138 185 158 126 177 97
188 119 94 170 149 108 179 158 139 102 104 129 106 200 176 194 101 160 192 122 163 135 124 112 172 120 95 142 168 143 150 146 151 90 185 173 155 187 174 136 92 191 105 193 130 137 156 125 141 164 182 86 184 138 166 85 113 97 117 171 114 87 134 177 121 103 175 128 165 199 198 118 148 161 154 107 181 140 98 127 110 89 157 100 131 147 109 96 133 88 189 183 126 145 152 123 197 132 111 93 167 180 116 186 195 91 144 196 178 159
108 198 161 120 102 164 166 92 172 186 178 100 114 173 105 129 180 125 87 170 157 145 194 131 140 134 151 110 171 122 113 116 130 159 158 99 86 174 133 176 160 197 103 141 147 118 167 123 188 168 117 88 144 196 107 152 184 90 163 165 126 150 138 189 153 89 94 156 93 187 146 132 190 139 109 185 183 162
179 145 89 137 195 196 128 117 107 121 153 192 148 136 141 175 120 157 133 172 139 169 94 188 140 125 143 116 183 161 166 124 146 99 178 95 187 156 127 162 105 108 184 119 199 150 171 113 158 131 88 92 106 93 97 147 177 110 190 180 191 111 181
196 91 100 167 174 177 200 135 198 191 117 153 154 138 160 111 113 95 102 98 147 199 127 132 116 92 186 112 143 183 150 130 103 125 140 126 106 101 157 114 89 141 94 158 118 162 188 187 115 148 169 104 189 152 124 120 90 168 122 97 144 194 96 156 108 131 181 142 193 123 179 134 164 139 172 145 195 121 178 107 93 161 185 170 163 190 182 159 129 192 149 133 128 88 155 109 136 119 176 184 180 166 151 165 105 171 173 110 99 197 146 175
102 183 128 124 167 169 149 188 141 115 200 133 150 92 109 189 162 122 156 192 187 151 143 173 134 160 105 104 112 131 110 159 175 89 185 182 91 179 164 98 163 100 178 170
134 124 121 144 97 114 139 100 194 103 145 185 178 131 170 128 115 176 150 165 117
189 127 176 97 118 139 150 152 181 156 158 157 190 140 148 128 137 172 133 169 161 167 155 175 197 179 174 94 193 108 194 126 199 103 198 113 116 183 178 123 177 122 101 145 99 191 200 112 132 144 149 95 109 188 129 125 138 160 164 185 117 141
194 108 98 100 126 181 183 187 172 189 131 186 128 156 101 150 122 147 96 93 139 112 118 133 99 145 132 176 142 144 198 166 152 185 163 149 184 193 111 123 169 158 170 157 191 124 151
180 157 150 188 170 155 199 121 186 98 174 153 179 185 164 142 106 139 107 162 103 138 194 100 116 130 178 114 183 145 104 134 123 115 161 133 124 175 147 165 169 108 136 109 151 132 105 173 135 97 192 113 168 117 171 196 131 200 166 140 120 193 195 191 163 182 181 143 198 95 99 190 189 167 129 96 128
175 182 114 102 153 181 151 106 148 129 169 145 170 98 101 183 99 146 136 105 96 144 95 196 104 172 156 123 94 138 125 152 149 103 173 131 174 176 142 198 193 128 133 159 163 119 192 147 155 139 166 167 179 143 178 187 195 141 111 126 140 191 110 165 154 135 117 134 113 190 120 157 194 150 132 180 112 116 160 118 189 177 199 137 184 168 127
151 152 139 176 197 106 177 143 192 123 98 96 181 198 165 196 97 162 132 172 149 124 167 161 116 113 101 186 182 128 156 175 114 136 187 125 120 115 141 179 146 158 166 127 138 95 109 180 102 122 160 134 145 133 195 155 191 104 135 100 126 184 159 99 168 171 154 163 131 173 153 148 150 199 190 147 169 189 108 137
106
188 178 103 109 172 104 165 155
132 142 161 158 146 99 115 137 122 159 178 169 136 149 140 116 176 130 157 183 172 168 191 141 143 117 179 102
177 137 182 145 194 195 139 138 107 158 117 153 150 110 190 169 120 170 131 172 175 111 143 134 136 183 161 142 128 160 140 147 179 99 180 118 109 112 173 152 168 130 197 196 103 144 125 165 129 108 104 116 135
146 163 142 190 105 191 147 176 165 102 129 173 156 144 154 183 137 118 116 175 169 123 179 200 181 122 104 125 138 145 113 107 178 187 111 148 180 188 167 140 197 159 149 155 117 136 194 164 168 166 126 109 170 162 130 115 127 174 128 172 135 157 112 196 132 121 124 152 161 150
172 152 154 135 171 183 107 190 104 105 179 132 142 158 148 200 178 118 139 196 180 160 165 109 157 113 128 149 106 184 143 156 173 108 138 194 123 140 174 177 137 153 161 169 114 116 170 110 102 124 199 188 195 111 150 144 197 119 155 131 192 182 186 166 125 127 176 133 146 164 151 163 101 112 185 121 117
121 164 103 192 145 133 199 138 149 148 166 194 117 119 137 156 188 139 106 171 135 185 167 190 182 146 141 170 136 150 140 105 143 161 178 110 131 186 176 169 116 184 134 120 172 123 163 183 197 147 111 174 115 160 144 187 124 113 155 165 162 200 128 127 129 191 179 154 125 189 157 108 193 159 196 114 112 142 107 104 152 118 198 168
120 158 180 160 119 164 106 140 174 150 198 117 111 146 163 181 185 186 191 153 142 107 134
124 160 156 120 150 182 116 148 132 142 135 118 183 176 152 169 167 192 162 157 170 194 126 179 147 123 158 184 173 151 146 175 180 144 145 143 186 106 188 154 190 129 163 193 137 108 110 138 171 155 127 125 105 121 131 139 134 168 111 166 107 178 113 165 200 117 199 198 133 112 114 187 174 185 189 141 136 122 161 130 128 159 196 115 109
174 146 127 172
110 109 132 182 150 139 151 108 127 145 148 161 167 199 134 159 147 111 160 180 200 186 173 136 152 149 162 185 114 184 116 117 196 128 171 188 189 135 141 181 191 179 158 198 122 146 163
125 133 139 154 193 192 189 107 111 190 126 110 123 183 164 159
197 167 172 194 166 129 115 180 158 143 165 174 179 124 152 198 159 153 170 113 145 171 193 140 119 114 130 162 199 128 157 195 139 191 134 135 131 169 148 182 188 186 112 189 123 183 161 187 185 150 200 122 192 127 109 196 177 173 111 110 137 160 168 178 146 138 147 176 156 126 116 149 164 175 117 132 163 133 141 184 181 155 125 142 118
146 168 171 119 142 110 183 182 175 113 159 140 160 178 114 198 116 128 158 144 188 143 130 154 153 193 122 194 129 180 133 184 192 126 149 134 165 191 117 138 172 147 152 174 124 176 162 132 179 163 139 121 123 155 111 156 161 199 151 197 112 170 150 120 145 173 166 189 186
128 160 123 130 156 200 136 199 196 114 174 113 138 177 146 189 173 140 187 166 117 188 157 118 195 158 144 192 142 139 125 141 150
195 159 155 111
120 153 155 127 178 174 129 122 154 144 143 132 125 113 181 112 114 152 159 194 145 166 164 184 156 190 173 185 168 179 151 118 188 134 192 176 182 172 124 175 117 128 170 169 193 136 161 167 171 139 147 162 158 183 177
197 141 130 121 174 127 173 179 172 198 126 182 181 125 194 196 177 146 176 157 132 158 195 169 163 142 187 184 183 140 139 119 136 168 190 131 159 151 129 189 116 185 143 114 115 200 162 118 153
157 127 142 179 176 121 192 187 191 117 171 144 197 178 158 146 119 189 140 190 118 123 148 143 138 194 174 130 145 114 162 151 199 170 125 129 181 122 154 169 173 198 200 120 167 172 166 168 150 128 175 134 193 180 115 183 184 195 186 155 133 161 135 188 163 185 152 149 136 141 137
117 182 199 137 153 178 118 149 115 144 168 191 151 129 185 200 146 157 154 194 155 119 177 193 170 127 130 186 125 183 142 132 165 156 133 189 126 173 192 124 143 134 188 141 184 121 136 145 152 148 150 172 147
144 199 189 164 129 168 185 194 159 137 198 177
136 180 146 166 181 187 161 119 135 148 176 153 134 165 162 138 133 193 200 175 192 137 147 140 194 170 125 189 122 168 123 167 130 196 149 157 141 159 154 178 127
183 181 139 162
131 180 133 191 173 165 193 199 160 122 158 182 140 128 181 129 184 132 178 195 146 175 190 162 153 156 149 183 163 198 174 164 187 192 142 196 159 185 125 145 177 197 152 161 169 171 141 186 189 134 126 194 155 138 154 123 168 151 200 139 135 167 119 148 120 136 188 157 170 166 143 147 179 144
187 142 143 145 147 126 136 133 151 162 198
192 124 199 122 196 198 138 173 157 141 151 160 135 146 161 163

197 127 177 190 164 168 160 196 172 152 125 140 139 182 176 158 192 188 135 183 155 145 148 132 159 138 184 181 131 136 199 170 180 169 123 162 146 167 151 185 198 175 150 153 154 124 189 143 137 142 178 194 156 147 133 128 149 166 191 173
149 187 179 139 181 174 150
133 188 140 169 171 126 144 160 181 150 143 146 174 149 131 142 196 166 136 156 168 167 130 129 141 148 163 193 157 152 147 139 179 189 176 161 125 183 175 185 134 197 178 200 191 153 155 180 135 187 137 184 128 186 165 151 194 182 177 170 199 138 159 132 145 190 195 164 154 198 173 172
181 150 166 135 176 156 165 142 197 129 143 162 184 149 170 196 151 182 127 177 189 145 155 192 188 194 131 172 168 144 146 195 186 200 185 180 164 154 161 167 174 137 158 138 191 139 134 178 187
186 157 154 194 149 191 198 199 169 132 182 141 196 158 162 156 128 170 152 130 167 134 175 142 181 180 136 151 200 193 195 129 171 183 179 172 173 163 165 160 184 143 153 164 140 145 135 148 133 161 174 147 189 188 131 178 127 137 177 144 139 138 187 190 146 185 159 166 168
144 131 195 147 159 133 141
173 156 150 192 131 148 160 144 162 198 186 170 134 182 167 183 165 176 154 200 163 149 132 151 197 141 179 195 193 175 152 171 155 142 181 199 177 147 135 169 159 133 194 138 184
182 131 146 151 179 175 165 152 196 157 185 148 173 187 191 171 133 132 192 186 137 158 150 159 177
162 197 147 136 150 141 166 170 145 181 188 196 191 137 165 192 143 199 178 179 198 182 139 176 142 169 134 138 146 131 172 163 161 167 144 171 183 193 153 159 177 175 157 195 152 174 194 151 154 173 186 158 140 168 164 156 185 155 133 190 189 148 187 132 135 160 180 149 200
180 165 170 162 163 175 177 183 141 132 155 150 185 191 147 190 135 153 146 169
175 164 151 184 168 182 170 194 192 171 138 141 135 134 196 186 189 149 174 176 165 136 144 145 147 156
155 182 183 184 167 195 150 198 164 190 156 141 189 161 175 178 166 143 153 145 171
179 151 152 171
188 137 156 169 139 160 143 196 172 189 185 190 199 179 136 152 176 157 155 142
157 197 158
160 147 139 167 186 162 171 177 195 166 153 193 191 144 161 175 157 185 172 142 150 168 182 200 176 183 140 181 145 190 199 149 197 148 188 178 138 156 180 141 187 146 173 198 189 163 165 192 151 164
155 149 157 169 181 159 194 185 160 150 188 146 141 139 162 199 170 179 187 193 145 158 174 177 142 180 167 186 171 156 182 144 200 165 192 175 140 176 196 152 148 195 197 191
180 168 173 178 150 165 155 198 148 176 170 174 181 169 195 156 142 167 141 153 160 183 143
164 142 165 200 155 148 176 159 194 177 175 157 184 146 152 161 170 141 188 172 197 182 166 183 168 191 180 169 150 144 151 192 153 186 190 162 149 145 195 160
146 158 191 183 152 161 187 190 159 179 197 162 177 154 198 188 186 163 172 180 196 169 151 178 192 184 143 182 171 156 176 200 170 181 144 174 195 175 185 173 148 150 149 160 168 165 189 166 199 147 194 145 164 157 155 153 142 193 167
194 150 154 167 157 163 151 172 156 145 169 143 199 188 175
148 179 199 185 154 171 161 162 190 163 186 157 191 181 197 149 153 189 158 156 195 196 194 192 178
151 157 195 149 161 191 179 197 156 171 172 147 167 190 173 186 180 159 145 198 176 166 178 182 148 169 177 163 146 170 184 165 175 194 200 154 187 160 152 185 199 162 181 196 183 188 158 164 153 168 193 192 155 174 189
190 188 164 156 176 198 189 178 149 146 193 170 153 161 192 163 165 154 158 152 169 194 186 166 168 187 160 177 182 173 162 159
150 174
198 155 179 148 185 188 194 165 168 182 180 181 173 156 152 166 190 183 184 178 192 167 160 196 197 163 170 177 153 189 200 171 174
169 157 166 165 188 179 191 152 174 164 159 155 195
154 200 186 170 162 183 190 181 180 168 164 175 191 160 187 195 199 169 172 153 151 185 152 173 184 177 178 179
194 181 151 173 176 164 185 172 171 175 153 190 168 198 192 156 188 160 186 182 161 154 157 187 178
167 191 171 194 200 170 178 157 177 173 172 187 169 175 186 164 197 168 183 163 192 152 156 158 196 165 180 174 185 198 176 189 179 182 181
178 179 181 199 183 161 173 184 195 198 164 165 182 191 159 193
169 200 165 174 195 193 182 197 188 187 189 181 183 173 166
161 166 185 175 193 174 155 172 190 195 169 168 188 187 165 167 182 199 170 171 177 194 179 181 198 164 184 180 189 159 156 173 200 191 183
195 199 181 165 164 184 177 159 163 191 190 168 200 197 189 194 196 156 176 157 186 187 182 174 183 162 193 192
193 187 195 180 165 166 191 189 169
170 197 174 172 200 193 159 166 183 186 171 165 175
169 195 185 187 177 172 173 182 180 190 164 161 194 171 165 176 199 184 200
176 183 200 160 186 195 192 177 169 178 175 162 166 197 196 190 174 198 188 172 173 170 168 179 167 191 199 180
177 190 197 193 180 179 174 178 176 172 182 173 169 166 165 198 199
192 194 185 189 175 174 163 173 197 193 187 169 164 199 179
172 163 169 193 192 187 185 182 197 186 177 178 175 179 188 166 167 181 164 173 174 180 168 194 198 184 190 176 171
190 175 173 186 164 179 168 195 172 188 166 185 191 171 174 165 196 170 183 192 200 187 197
196 199 178 200 181 198 173 172 165 174 166 194 176 167 190 169 184 182 188 195
169 192 171 180 189 190 184 177 193 172 176 195 194 197 166 200
176 192 188 167 189 198 193 185
170
192 189 180 190 179 187 200 191 177 188 198 183 170 175 182 176 197 171 196 186 194 193 181 199 195 173 169 178 172 184
175 196 187 193 186 170 171 195 194 181 197 182 185 173 179 189 176 183 191
171 178 174 190 199 176 191 185 197 184 189 173 200 181 177 194 182 196 198 192 175 188 180
189 174 190 175 188 199 172 196 180 198 194 192 176 183
184 181 188 176 185 178 183 191 193 189 199 175 186 198 192 187 195 180 194
188 189 198 182 186 181 192
195 194 181 175 176 183 184 187 182 180 186 200 185
184 195 186 194 185 189 176 187 190 180 198 192
199 183 189 188 181 180
190 197 194 191 192 185 178 195 187 193 180 200 179 186
181 198 185

189 192 195 190 198 194 187 200 191 185 184 197 181 186
200 189 196 188 199 184 182 187 183 190 192 186 197
189 188 192 200 197 194 195
195 190 199 192 188 186 194 185 193 196 198 200 184 191 197 187
189 194 186 193 190 199 188 191 197 187 195
193 196 187 186 188 195 189 198 190
199 191 190 192 195 193 198 194 196 187 189 188 197 200
200 199 191 189
199 190 191 189 194 197 193 195
200 195 199 198
191 195 192 196


200 198
197 195 200 198 196 199
197
199 197 200





tarjan
exit
