matrix
100
69 14 44 59 54 46 41 75 37 4 93 99 80 79 50 85 58 92 30 20 3 27 10 38 95 25 94 15 84 66 82 87 57 100 16 81 96 32
42 75 19 100 31 15 29 98 14 84 30 39 71 36 52 99 34 67 26 38 55 78 89 86 58 32 80 48 5 37 95 44 73 33 69 60 56 45 53 76 62 61 63 50 13 46 49 88 68 41 35 25 51 10 21 23 22 28 82 40 81 47 57 90 64 8 93 24 66 92 74 4 16 11 43 94 59 20 17 7
18 92 73 63 20 5 64 81 9 70 34 95 14 96 88 93 37 66 15 23 43 79 80 16 47 71 100 97 72 60 19 13 99 33 28 40 49 51 36 69 89 68 94 65 32
44 22 14 52 63 27 15 62 35 89 9 11 59 77 13
40 39 58 57 17 63 99 34 42 62 29 94 91 93 32 98 67 31 78 47 65 59 20 18 43 8 76 73 30 64 19 28 82 45 37 97 50 88 7 33 54 72 44 79 85 9 95 71 26 11 75 25 86 23 74 77 46 69 68 56 14 51 10 41 96 70
69 64 13 20 34 81 93 40 51 91 89 94 31 45 77 66 25 38 14 61 83 53 16 65 60 90 49 35 29 8 73 55 26 56 62 80 99 63 48 36 54 23 72 46 82 97 15 19 50 17 10 92 11 79 88 9
71 69 11 83 33 49 93 52 41 34 67 55 10 97 66 99 14 46 89 78 43 90 88 75 100 36 25 85 19 95 31 15 21 12 51 60 50 23 81 87 59 64 54 79 27 73 53 61 68 56 35 29 38 20 16 48 22 42 47 30 18 40 86 82 96 80 63 32 84 91 70 57 92 74 62 65 13
26 82 16 81 29 12 93 53 85 76 42 38 97 35 60 49 52 50 20 48 90 69 46 13 43 22 24 56 33 95 63 57
83 75 98 16 57 79 76 68 35 14 89 31 42 13 97 52 65 67 47 84 51 15 24 56 96 17 62 22 60 44 88 49 54 91 61 30 26 11 25 27 18 94 80 45 71 39 20 82 69 40 92 46 19 63 43 41 53 90 72 48 70 55 77 85 78 73 66 74 29 21 38 59 64 99 58 93 100 28 86 95
88 96 27 91 84 49 33 53 68 69 60 55 43 36 62 13 25 66 50 78 18 47 70 40 32 79 14 44 41 89 21 20 72 90 22 76 54 16 31 83 29 71 56 74 65 30 58 63 38 82 52 35 81 57 15 80 45 86 75 42 23
65 19 61 83 24 63 45 23 47 36 97 100 39 72 20 87 75 43 35 46 92 78 71 26 70 27 21 48 55 77 30 17 40 33 14 94 29 44 53 98 58 96 88 66 90 16 18 82 57 74 64 60 25 89 54 93 91 56 68 86 49 13 50 95 99 34 31 59 32 52 38 80 73 85 81 15 62 67 51 22 79 37 28 41
54 20 19 79 64 37 51 33 75 16 80 72 39 48 41 88 82 46 49 26 94 60 62 74 68 63 23 43 24 77 71 21 38 52 97 66 61 18 59 35 28 78 84 56 31 34 96 70 53 89 30 100 14 17 92 67 27 86 87 22 91 99 47 93 76 73 40 81 36 55 58
53 79 97 41 16
31 84 30 68 20 82 43 42 73 96 77 71 27 79 99 51 61 25 98 37 39 26 93 92 80 36 55 45 32 66 97 60 52 58 70 38 57 34 65 29 22 50 41 69 64 18 59 53 24 54 85 75 86 95 47 21 74 19 40
20 63 61 91 70 30 89 75 79 68 73 59 81 65 19 27 99 52 50 69 55 86 60 23 37 93 87 36 31 35 44 100 28 32
37 94 52 67 97 23 73 33 76 65 28 79 48 21 91 60 62 69 96 55 41 30 72 47 44 92 18 49 86 51 70 34 99 74 88 40 87 98 63 29 80 45 82 84 50 81 93 25 75 64 19 66 57 56 59
31 62 54 23 77 21 43 72 35 91 84 29 66 52 51 89 42 27 98 46 32 100 99 81 58 36 57 65 61 95 33 79 28 96 56
41 71 54 82 66 31 25 58 86 93 21 91 35 44 38 46 33 30 84 43 34 27 95 72 67 60 89 23 61 74 42 78 45 92 83 32 20 24 80 47 68 62 70 100 28 36 99 26 49 39 69 64 76 57
51 76 85 49 78 58 21 39 34 79 40 31 96 81 84
44 65 58 51 73 46 97 77 62 59 29 48 96 84 49 23 63 87 86 54 78 55 50 41 43 28 67 26 82 34 45 37 91 47 72
63 51 75 99 86 64 49 52 33 65 53 35 60 40 95 48 46 24 69 98 55 88 43 79 92 82 73 37 50 47 80 71 45 36 25 26 85 66 54 90 70 97 100 31 68 89 84 29 78 57 42 93 27 87 94 44 38 74 30 56 62 77 72 39 34 83 41 67
63 61 24 48 60 68 92 76 56 39 38 59 93 74 89 75 55 98 94 86 91 58 29 66 44 87 90 70 88 81 42 57 85 49 62 37 53 54 50 34 97 27 30 32 41 78 72 80 47 99 64 73 40 25 79 52 51 28 46 69 83 31 100 45 71 77 36 95 67 84 26
52 26 83 43 69 75 100 73 62 63 56 33 48 61 37 79 29 31 42 51 59 70 53 99 50 66 87 32 45 97 78 98 80 77 81 82 89 86 68 93 44 71 64 74 94 91 96 85 72 34 76 84 88 30 39 25 67 28 40 49 36 90 46 95 27 41 38 58 65 57 55 47 54
31 32 58 99 54 39 48 80 50 56 41 29 66 37 38 45 83 65 97 70 36 71 100 73 59 79 44 60 78 26 96 88 52 61 92 85 63 64 34 47 77 86 28 84 55 40 33 46 53 67 69 89 87 94 72 43 27 95 62 76 42 82 98 74
44 47 89 97 84 82 77 41 61 28
34 67 83 28 66 43 39 45 29 88 99 81 95 46 41 50 71 48 65 58 91 73 87 89 74 93 84 42 64 63 82
95 37 80 35 46 38 94 56 72 64 62 51 76 53 44 61 71 69 42 31 58 73 63 59 68 88 57 60 52 66 41 82 87
57 62 90 55 95 36 80 100 42 50 51 94 88
100 96 45 95 55 66 92
59 51 82 45 100 42
44 93 69 57 59 58 75 62 48 37 56 81 60 39 91 46 52 36 61 96 86 92 54 55 82 63 41 68 35 88 73 45 95 42 89 66 72 50 74 34 47 65 87 40 98 70 97 76 94 71 99 67 49 43 80 100 53 38 90 84 33 85 83 64 51 79 77
79 65 87 98 92 58 59 36 67 52 86 93 63 60 44 91 68 69 71 99 40 57 84 95 47 42 78 53 34 90 66 41 45 96 73 82 70 100 89 54 62 51 61
77 78 51 95 87 43 52 92 47 90 73 71 84 49 88 35 46 69 60 58 74 89 97 79 80 66 70 56 81 99
52 42 65 86 57 74 83 54 78 45 46 96 41 62 38 50 43 71 76 44 90 37 39 97 61 64 95 87 89 73 55 94 84 47 67 91 63 77 56 49
97 44 81 69 98 94 38 78 66 47 56 41 83 87 64 57 74 86 40 77 71 73 92 82 76 61 68 63 59 50 93 37 52 53
60 52 73 38 57 62 40 67 63 42 47 90 50 88 66 69 100 81 98 78 95 49 82 77 83
40 93 47 96 48 88 44 86 62 89 99 80 95 75 59 54 63 50 73 46 90 81 67 97 78 100 71 41 87 72 64 58 55 51 69 79 43 56 84 52
52 90 79 89 56 76 98 40 66 49 72 59 69 45 53 57 88 41 93
92 65 58 47 78 59 43 75 66 76 91 52 48 72 57 89 74 85 60 87 68 84 67 94 63 98 90
76 75 56 49 97 90 46 53 80 78 73 42 43 50 72 48 54 67 55 68 96 61 59 87 100 47 71 91 95 77 70 84 86 81 88 66 85 65 89 69 64 98 93 45 58 52 62 83 99
45 86 63 84 60 53 99 57 48 65 51 76 66 55 92 61 56 100 79 77 47 96 83 93 59 67
78 77 62 89 54 53 80 55 91 49 68 85 61 95 45 75 67 63 44 64 72 58 94 82 48 59 70 92 93 71 65 81 46 51 66 97 69 100 88 74 76 52 50 73 98
90 87 83 85 99 68 98 91 54 96 49 50 95 100 93 61 72 45 60 64 74 78 52 81 57 70 73 75 89
65 66 84 90 62 73 72 96 94 100 47
97 59 65 86 68 60 89 51 71 94 67 79 100 85 54 88 55 72 52
49 90 87 50 66 99 73 81 100 98 83 54 93 70 68 79 75 94 63 65 77 92 59 86 48 85 64 80 60 74 88 52 82 91 62 56 96 84 69 53
91 70 65 92 57 93 81 82 51 98 96 63 79 73 52 100 53 54 83 68 95 86 80 62 78 55 69 66 97 87 56 64 88 76 90 84 99 59 60 89 61 71 75
60 73 53 83 96 68 67 98 71 50 69 66 78 99 65 87 95 86 79 97 92 91 58 100 89 56

76 77 64 83 54 86 53 73 65 62 98 94 79 93 81 84 97 68 72 55 82 100 88 63 60 67 92 74 71 56 75 90 96
80 97 95 73 59 98 64 96 66 57 62
87 82 95 67 75 68 83 74 70 58 66 89 63 94 57 99 98 76 55 78 54 69 81 97 72 96 85
86 75 89 80 88 91 62 67 100 64 74 78 55 59 84 71 76 63 56 87 57 92 81 72 79 65 99 97 60 61 83 58
90 57 97 75 76 63 98 73 92 95 91 64 67 94 72 61 74 81 96 88 87 100 58 59 56 71 60 78 93 86 79
89 77 68 60 86 95 66 93 64 92 61 58 96 78 80 72 70
69 76 61 65 91 75 71
96 78 99 98 77 61 95 88 59 70 73 62 66 72 89 75 60
61 92 94 86 72 85 83 97 77 96 91 88 75 98 62 66 63 67 87 82 78 70 65 90 71 60 81 84 79 69 99 89 74 95 73 64 68
98 69 93 67 65 77 99 68 66 80 89 91 81 95 88 84 64 94 79 90 63 62 92 71 86 70 73 82 85 100 61 96
82 88 70 71 85 95 74 83 81 79 92 90 78 89 84 100 77 62 91
85 98 100 77 83 63 96 71 93 92 78 81 84
68 96 80 91 98 100 94 95
92 96 67 91 98 84 75 95 72 94 70 80
71 80 72 68 89 67 76 99 83 84 75 69 100 85
84 95 99 96 70 93 82 67 78 76 72 77 68 71 90
87 79 73 77 72 83 94 100 91 69 75 89 86 82 92 78 97 99 90 93 95 74

77 75 79 100 83 94 72 93 90 87 86 73 81 95 98 82 74 84 80 96
75 77 94 80 86 78 79 81 85 92 97 90 96 100 72 89 87 74
82 95 78 100 96 98 76 93 83 99 81 86 79 74 88 80 91 94 90 72 77

86 87 91 97 77 93 96 74 78 99 95 92 85 82 94
77 95 100 94 97 87 91 96 85 75 84 89 78 76 93 99 81 79 86
83 99 88 90 87 85 93 97 96 77 79 91 84 89 76 78 100 80 82 98 81 95
89 97 91 86 99 84 88 82 92 81 95 85 79 90 96 83 100 80 98 94 87 93 77 78
83 88 92 81
85 92
92
99 100 91 89 85 92 86 95 96 81 90 93 98 83 97

85 98 91 88 99 100 94 95 93 97 92 89 87
92 96 100 91 89 87 94 84 88 95 90 85 99
86 100 95 92 88
99 88 91 94 92 90 87 96 100 93 98
87 89 88 96 95 98 100 94 92 97 93
95 99
93
95 94 98
97 96 92 93 100
93 99 96 97

98 95 96 94
98 97 95 96
98 96 97 99
99 97
99 100 98




tarjan
exit
