matrix
300
174 29 48 13 26 258 65 43 176 24 254 272 179 232 155 178 47 205 23 250 163 166 75 266 104 33 62 51 102 188 187 267 89 49 111 12 215 279 127 141 172 106 251 241 230 169 149 227 291 284 295 283 275 18 160 209 137 277 265 113 143 55 244 177 52 197 148 87 196 170 219 222 257 269 206 297 150 243 115 225 124 25 274 53 161 97 7 289 198 224 72 278 16 260 129 122 185 211 175 294 216 15 236 255 239 103 168 207 288 167 98 27 73 280 84 221 57 173 247 42 234 135 69 296 299 213 139 276 17 282 228 229 140 38 92 83 246 145 117 45 226 66
264 281 233 243 125 36 219 204 194 250 153 240 221 10 85 198 48 104 116 246 169 97 63 137 288 196 237 114 254 167 211 111 203 286 88 31 170 226 228 34 79 176 267 43 91 28 62 222 56 6 299 187 99 121 54 175 17 165 156 158 123 185 266 241 61 33 189 207 160 235 126 205 179 50 24 4 93 163 107 145 35 60 76 20 109 41 38 129 136 230 25 182 134 202 39 280 190 113 292 8 118 44 22 72 232 18 245 180 23 282 132 157 249 193 124 71 283 120 173 294 92 102 57 67 258 269 220 291 162 95 183 265 231 119 234 141 172 147 105 115 181 14 213 73 68 96 77 252 12 151 251 29 131 9 260 199 86 239 64 210 94 148 174 89 275 143 83 253 112 215 135 98 110 168 138 296 122 84 30 161 298 195 65 216 217 66 200 197 295 19 49 100 140 287 101 144 155 166 46 108 146 149 130 206 5 81 152 186 277 16 293 229 139 78 268 21 279
284 10 6 268 69 246 103 40 245 262 235 297 215 160 131 151 283 127 225 238 196 109 300 104 255 106 195 236 230 23 82 152 176 275 99 177 273 8 132 290 168 29 240 34 45 77 100 259 274 68 190 37 223 36 243 98 250 202 208 241 219 78 47 73 64 110 289 95 286 180 90 12 113 267 42 61 213 182 266 191 138 141 56 120 114 20 263 174 211 118 5 172 237 63 264 18 181 91 87 253 16 148 130 158 206 133 179 162 84 134 221 24 279 15 125 280 252 147 295 203 88 232 46 197 123 53 164 187 244 220 292 159 154 112 60 9 261 254 299 271 22 175 207 231 62 228 291 205 33 57 281 171 58 25 75 204 39 65 169 111 85 51 188 184 239 200 140 248 186 139 226 170 285 55 102 74 242 201 209 124 260 183 72 272 101 122 157 7 276 19 93 105 89 150 43 282 142 86 17 128 269 222 293 94 116 251 31 97 38 146 198 59 218 234
62 214 149 248 47 21 173 207 202 245 24 294 83 45 291 140 143 136 69 147 236 33 284 30 174 187 161 226 295 87 123 112 6 14 71 288 271 217 171 219 289 241 12 213 10 122 273 29 240 275 199 178 9 70 41 105 65 162 27 190 114 19 43 197 194 138
297 205 104 172 44 179 258 212 187 72 11 139 199 42 200 105 244 111 299 204 266 48 242 125 250 120 153 160 82 157 292 257 298 40 63 47 219 34 208 108 197 290 241 64 223 164 8 256 31 113 71 23 128 182 262 122 284 129 264 9 21 86 15 145 85 222 28 54 184 232 186 135 295 235 271 138 233 119 109 73 49 148 155 123 96 115 254
141 202 70 300 215 23 281 290 250 166 161 280 30 159 64 226 249 91 207 68 46 223 174 264 247 113 59 123 127 285 10 87 267 199 273 228 246 258 236 252 160 74 241 16 140 58 92 60 41 57 130 253 153 112 189 126 216 73 257 50 83 18 72 13 235 220 125 102 263 81 154 225 240 222 173 54 28 212 254 147 71 24 89 80 75 66 210 278 251 198 119 179 97 299 165 188 182 260 167 201 177 118 297 98 180 53 256 171 192 129 40 211 279 170 86 175 96 37 298 143 49 221 196 227 149 178 276 231 284 62 120 103 244 104 206 187 14 245 42 291 19 155 156 32 243 44 238 286 146 265 99 294 77 108 93 135 242 78 185 248 20 137 79 45 15 111 181 209 151 114 106 224 136 109 193 33 168 232 176 169 274 272 67 11 261 268 36 29 128 26 48 214 255 69 55 186 134 82 204 38 164 12 51 292 139 31 271 90 145 270 95 293 100 65 39 84 101 190 88 52 205 219 195 230 21 142 9 105 35 183 197 107 229 213 233 237 282 218 116 47 61 27 157 296 184 259 262 8 203 63 110 144 131 121 287 122 152 34 288 150
118 155 53 209 41 69
229 195 247 166 92 193 126 201 300 133 168 100 108 72 275 257 17 153 245 46 164 260 101 54 235 210 180 19 190 294 150 177 228 222 96 189 93 259 94 215 157 24 233 123 146 77 115 183 273 88 198 295 206 156 109 120 262 99 128 213 140 283 42 118 104 135 113 119 44 200 220 25 288 79 152 293 178 279 31 226 263 83 258 191 192 74 132 124 286 249 278 274 76 197 105 287 33 236 23 53 107 159 66 43 111 149 131 290 10 160 225 90 272 125 256 209 80 18 204 292 50 41 268 212 34 266 103 16 27 186 161 127 28 182 154 241 219 58 70 78 26 280 22 56 39 37 281 63 299 15 202 243 142 69 95 297 199 251 211 36 148 97 60 68 289 246 296 221 218 174 134 231 82 264 171 216 230 21 170 38 89 261 49 86 136 91 169 13 84 285 141 40 11 242 254 277 269 145 185 214 129 270 81 276 284 45 194 238 244 217 151 163 116 102 208 184 227 130 75 172 30 155 61 64 237 106 173 203 35 29 291 139 207 179 62 267 71 67 239 143 73 114 121 205 175 250 176 110 165 188 55 112 48 248 232 122 223 14 255 47 138 12 59 265 117 98 52 147 85 20 87 298 187 181 32 196 234 167 65 282 158 57 271 162 144 253 137 252 51
100 279 79 198 125 86 93 21 247 68 246 240 140 60 250
295 145 215 112 16 298 61 13 282 107 267 200 195 102 154 180 259 14 177 119 116 287 241 209 190 258 90 272 114 204 171 138 82 189 297 99 58 293 77 250 157 149 17 34 120 201 129 22 192 206 126 85 220 172 28 29 93 152 276 217 247 169 87 164 47 228 63 175 168 292 89 271 226 18 128 222 159 71 211 269 115 273 43 72 223 52 207 156 69 181 88 50 163 64 134 65 135 274 146 49 198 86 270 153 160 132 27 92 131 245 296 256 290 56 254 188 45 227 117 243 252 97 253 205 240 202 31 46 173 144 74 218 123 233 203 234 289 51 246 230 100 62 130 166 249 238 239 277 94 59 219 55 251 281 148 66 231 136 41 133
80 252 161 162 266 241 158 110 296 263 259 242 112 54 52 247 91 248 175 222 88 231 42 220 93 223 74 71 244 253 147 47 297 106 18 62 235 103 32 194 285 221 138 184 51 66 122 274 64 116 111 150 84 89 159 96 28 276 85 78 73 240 167 61 257 300 37 156 129 98 286 204 43 168 180 267 172 177 123 117 277 298 225 186 178 108 273 29 77 183 185 22 142 102 83 219 211 16 293 152 53 95 63 206 229 292 130 94 41 40 195 214 163 55 23 295 207 166 264 224 50 173 191 39 237 196 182 170 160 193 250 218 100 107 205 255 154 203 236 36 21 33 216 119 86 57 124 113 67 58 46 121 217 288 234 155 134 249 243 20 187 99 289 19 136 282 157 287 179 171 90 268 254 120 210 181 126 17 201 209 189 256 139 215 92 232 72 26 49 290 174 284 262 251 272 143 260 14 198 35 145 68 188 149 79 115 69 48 45 59 131 141 118 226 34 200 97 151 239 153 291 212 213 140 31 25 299 279 137 199 164 81 270 176 76 75 82 144 227 70 146 109 238
14 295 120 27 50 289 229 116 113 203 109 204 296 163 173 161 258 186 250 160 280 130 241 167 266 117 248 147 269 60 83 200 299 214 35 140 156 159 191 104 122 19 70 34 110 298 274 133 102 131 218 26 78 246 31 297 222 275 260 52 72 135 273 190 77 36 87 100 234 44 196 115 148 62 40 201 48 264 98 178 256 193 80 168 197 43 209 257 285 170 300 105 124 233 293 136 28 281 59 90 112 138 216 139 119 276 255 192 88 37 286 92 118 183 106 195 278 67 202 99 108 23 207 144 33 123 63 164 76 215 261 97 157 224 96 20 95 270 288 114 111 251 85 79 165 121 198 137 134 57 54 284 142 247 55 182 243 21 127 230 277 226 217 223 240 81 267 150 51 15 61 185 145 236 39 107 82 30 132 29 141 232 155 125 239 265 235 208 290 279 272 25 58 162 154 152 89 169 262 228 282 263 71 129 91 268 38 172 56 242 143 175 181 153 75 101 42 292 128 17 65 53 151 187 225 184 174
229 160 53 174 155 34 242 181 285 77 284 63 159 198 176 151 83 223 20 106 275 247 219 52 190 257 146 266 153 95 210 149 113 178 79 99 132 39 18 38 183 112 144 197 69 269 129 108 182 119 292 158 131 87 217 297 136 90 33 140 37 41 25 125 143 226 116 208 46
238 174 204 128 76 98 250 260 265 182 21 54 191 233 69 218 57 200 141 299 71 280 105 285 145 73 287 288 18 168
234 103 92 42 99 143 299 273 284 198 258 272
244 151 165 148 158 46 217 88 215 180 240 196 157 110 292 290 252 234 87 258 115 268 104 178 213 62 119 135 245 221 187 27 182 160 220 93 236 171 121 128 95 232 117 35 173 120 45 114 72 32 144 146 162 205 250 140 295 206 82 184 191 134 271 90 113 65 249 289 291 223 133 123 286 275 18 19 207
276 27 142 191 153 103 176 172 190 55 120 41 257 197 248 29 227 161 225 175 81 122 31 237 112 66 102 59 60 211 193 36 126 129 62 93 281 160 49 130 263 289 272 171 155 201 35 224 218 268 282 23 258 43 146 174 203 247 238 261 277 61 294 64 194 121 212 110 137 127 185 107 192 170 38 94 86 92 254 24 204 242 45 168 151 115 28 157 186 250 132 260 241 199 65 275 152 221 90 73 292 219 26 91 69 104 37 244 239 299 184 206 195 119 131 143 236 118 74 233 105 288 71 213 273 231 293 40 46 95 84 149 179 240 141 32 78 87 166 77 124 249 188 180 85 56 47 209 75 22 21 125 300 245 217 67 271 116 297 198 230 178 48 58 20 135 106 285 83 98 19 165 134 262 278 214 196 57 287 265 136 202 53 147 181 101 207 253 111 284 169
231 77 203 230 138 112 95 297 54 68 87 76 85 94 294 26 159 281 67 126 174 296 74 66 57 222 239 31 227 267 236 145 195 69 223 80 171 106 211 61 42 75 130 152 178 102 89 71 172 253 65 119 165 146 158 142 131 198 79 194 274 252 22 233 23 263 179 121 83 167 129 220 248 235 214 35 104 62 210 191 78 169 237 262 258 150 161 272 293 187 238 44 299 208 122 189 213 115 289 273 247 63 241 33 108 132 133 46 271 29 117 229 58 295 264 21 226 55 232 41 53 59 259 123 177 90 170 97 127 164 173 225 51 45 116 92 265 50 96 255 279 244 166 144 184 36 149 125 118 286 292 93 32 240 205 249 107 250 275 269 201 283 37 183 143 245 157 38 148 34 153 168 285 251 218 91 175 39
145 279 147 290 252 210 189 26 130 102 126 251 104 21 209 128 281 296 300 171 266 161 205 46 246 35 277 227 230 138 254 192 30 54 42 23 79 157 39 257 156 114 108 41 265 105 174 188 243 48 120 134 89 107 27 51 165 249 235 159 286 158 121 269 136 233 224 187 184 97 289 29 68 180 213 194 262 177 91 228 237 76 191 140 298 115 133 199 25 268 207 85 86 62 198 74 241 173 267 214 201 222 98 82 204 122 226 90 24 203 190 285 182 111 202 70 292 99 164 59 112 49 217 38 208 258 294 116 118 44 297 162 160 43 101 264 179 185 67 219 139 282 69 261 95 34 220 45 149 234 250 150 166 96 148 295 178 272 275 72 127 195 168 141 215 153 92 293 75 56 64 170 77 284 239 236 260 33 183 291 94 119 60 218 61 288
200 137 190 132 218 71 72 285 113
159 146 222 83 197 187 179 182 27 45 184 219 231 85 161 71 122 274 298 299 41 214 145 59 104 141 23 262 76 33 235 216 67 57 56 254 279 275 120 64 244 181 242 239 165 191 217 264 54 277 205 87 105 106 259 173 185 193 255 78 82 156 172 163 129 278 123 295 42 266 35 124 283 291 154 110 81 271 177 257 253 251 289 44 118 138 95 229 98 176 221 207 241 273 131 99 252 269 43 142 201 147 186 151 290 92 40 209 69 115 204 196 153 114 167 166 139 225 162 203 293 62 103 237 32 211 126 63 24 183 190 233 263 285 119 208 276 261 34 60 210 86 73 155 247 272 292 157 133 199 140 79 29 152 58 90 36 116 213 249 52 284 91 53 268 150 160 158 107 245 223 178 102 280 46 270 194 113 37 169 294 258 287 143 227 180 202 232 136 170 234 297 243 288 39 174 144 260 149 96 50 55 31 175 84 148 101 127 111 228 117 109 94 30 218 189 132 226 215 70 224 265 286 97 38 212 25
214 31 188 233 203 300 285 228 207 241 143 117 237 159 108 89 150 160 57 218 157 212 192 98 162 120 62 170 296 289 286 29 138 279 282 63 116 272 235 139 246 222 195 242 175 149 257 33 167 54 101 172 154 50 179 58 198 234 53 123 141 82 180 276 118 270 81 271 40 251 191 127 153 113 77 128 97 66 112 194 171 88 290 299 265 25 266 64 107 206 260 256 273 163 225 37 59 75 71 142 51 294 114 277 106 83 110 253 213 248 287 196 239 124 109 293 297 211 226 96 91 99 199 48 263 130 84 61 68 244 166 205 45 52 148 79 105 209 145 264 140 250 42 152 283 146 236 32 92 259 125 223 137 177 298 165 100 240 136 261 28 247 156 135 204 111 93 132 210 134 144 288 94 284 36 158 173 86 35 252 73 67 26 164 72 193 104 55 197 281 103 151 47 60 168 269 186 147 217 169 255
163 212 241 193 65 125 44 176 46 135 260 43 56 156 199 206 28 33 115 126 170 40 70 189 137 177 219 220 232 185 51 210 71 267 171 90 35 211 273 95 150 205 236 240 114 68 161 222 42 64 238 124 208 96 73 149 172 249 268 295 29 217 37 296 104 106 179 139 164 160 97 155 224 138 182 243 83 92 225 123 134 291 162 118 213 52 112 140 180 285 75 67 147 187 49 215 188 194 231 271 192 127 244 80 197 131 107 69 251 93 209 274 277 203 57 276 78 269 60 201 32 167 178 286 239 76 129 270 98 130 113 248 45 284 289 288 252 50 266 58 216 255 72 263 297 242 221 54 204 298 41 168 136 257 253 79 294 272 105 158 62 91 279 275 103 198 87 26 300 256 226 31 47 128 166 165 30 173 48 84 186 250 184 109 102 101 88 82 282 34 85 292 183 36 174 154 141 228 132 152 25 143 89 237 66 122 254 190 235 55 116 246 200 299 27 144 38 195 100 281 264 229 148 120 133 142 202
44 95 288 109 278 58 41 137 45 181 273 239 250 217 179 82 274 28 270 29 49 160 53 61 244 238 199 283 86 251 114 269 204 83 47 119 75 172 108 60 158 141 87 194 84 132 292 195 68 131 125 112 102 38 127 233 73 147 281 222 155 183 253 219 42 296 32 232 161 37 173 66 210 254 264 266 81 227 136 27 243 100 191 154 52 72 246 121 215 180 240 51 142 198 115 145 143 197 297 85 286 234 228 284 208 65 99 168 165 152 133 80 170 139 126 169 213 207 110 188 226 163 111 200 241 46 55 36 299 267 285 272 206 216 35 189 159 280 178 50
282 221 200 266 183 228 29 161 55 263 30 84 69 98 283 42 243 194 272 136 210 111 205 158 122 160 174 248 207 262 81 198 46 75 256 206 230 220 213 226 50 270 204 171 168 52 82 181 287 85 88 166 212 216 78 285 223 114 67 300 66 127 134 83 232 215 86 274 109 144 103 38 47 102 92 41 244 178 68 167 124 184 115 129 54 61 63 117 192 132 39 138 71 292 137 176 218 141 258 235 175 242 35 101 135 239 296 162 265 70 28 59 43 179 231 273 284 125 234 241 104 48 187 106 208 180 195 237 261 110 251 77 159 157 151 236 186 143 246 290 79 203 51 154 74 277 275 227 278 87 90 225 177 96 153 149 217 173 62 118 260 190 219 271 64 196 257 93 112 33 148 44 264 222 113 279 247 233 155 123 191 57 139 31 253 128 94 37 255 76 145 95 156 131 56 58 224 193 36 293 240 164 100 281 99 126 202 214 269 34 40 297 188 276 286 60 291 238 199 185 120 267 211 91 105 298 169 280 268 32 250 72 108 121 245 197 294 107 152 65 295 142 189 254 133 147 201 73 45 172 249 252 163 289 116 146 97 130 259 140 288 165 182 80 27 229 209 49 299 119 89 150 170 53
259 293 144 168 101 36 124 207 219 118 221 60 35 298 238 248 122 81 214 272 52 247 246 170 71 70 189 143 191 104 291 134 161 167 270 228 69 33 97 280 84 34 105 43 129 83 28 51 139 54 159 91 227 40 110 223 284 165 229 266 160 243 216 45 114 46 106 180 42 148 39 245 193 262 231 201
147 67 173 138 295 105 120 246 193 75 99 132 205 291 46 258 151 156 68 133 199 83 278 107 219 225 84 126 131 212 128 86 137 267 113 116 117 123 30 294 216 196 207 273 249 130 288 243 91 279 220 97 229 79 160 51 172 244 50 29 122 200 185 282 174 37 261 192 129 224 143 93 72 201 239 253 217 262 95 293 168 100 169 248 124 257 231 252 32 88 223 85 183 266 63 34 53 159 134 211 272 62 237 230 38 106 299 52 170 110 259 112 76 292 270 148 171 190 74 136 195 59 78 203 208 87 276 158 125 135 48 204 255 82 297 251 108 218 175 70 187 194 92 73 43 152 167 271 284 89 49 121 55 214 60 61 191 298 42 178 66 256 228 202 274 235 35 65 44 71 69 296 111 285 149 154 260 210 90 264 54 145 103 176 166 162 150 289 245 140 232 39 157 254 47 41 290 268 226 188 163 153 269 198 80 94 96 182 109 234 177 286 283 114 300 181 238 155 287 179 101 265 263 57 280 275 127 119 98 64 81 141 197 165 45 56 233 161 142 33 222 215 139 189 242 180
299 260 290 273 115 162 156 284 245 173 158 66 293 196 271 294 77 227 263 165 107 202 197 285 152 177 242 43 58 205 57 217 178 269 93 101 226 106 164 39 247 292 224 140 283 64 209 62 130 110 36 112 119 210 100 32 261 221 122 109 289
91 79 64 153 168 226 173 246 204 289 67 269 247 119 82 148 259 101 61 268 218 284 144 216 145 138 193 195 128 42 161 54 158 118 199 285 198 146 160 238 74 276 96 108 115 159 293 56 235 265 81 188 280 219 137 143 62 245 227 94 45 184 104 89 230 88 171 278 103 53 220 71 32 109 46 255 286 85 189 154 125 47 134 274 167 270 87 181 124 264 202 283 80 251 100 208 228 203 217 294 149 38 76 133 237 126 190 290 275 282 141 300 243 147 41 172 49 296 102 185 222 221 150 132 70 223 252 72 35 214 166 83 86 260 253 291 36 174 120 77 75 229 176 151 90 110 273 99 78 65 254 59 127 140 211 164 279 281 114 116 288 142 152 299 130 139 122 51 117 107 196 92 156 262 136 213 33 175 272 180 224
92 194 187 178 283 226 238 152 42 280 47 65 120 43 172 269 196 63 258 236 148 264 112 256 71 159 289 143 90 67 94 100 35 86 201 150 113 73 287 130 153 78 128 242 61 56 166 184 77 135 233 272 294 239 202 83 265 212 295 95 124 136 162 250 151 183 220 208 108 171 66 44 298 263 102 59 195 246 87 164 244 33 286 237 68 117 168 192 88 121 200 69 160
60 130 182 162 115 247 169 78 106 68 157 176 228 211 93 299 267 35 170 250 293 203 275 289 119 82 152 132 95 240 127 36 186 64 63 217 241 181 294 226 67 138 261 83 98 188 137 40 44 272 97 76 212 225 270 112 282 74 189 90 100 43 246 259 237 70 265 266 139 287 288 114 205 210 264 236 262 141 42 118 99 230 45 146 218 292 284 197 243 135 105 133 108 249 122 103 109 245 196 92 107 220 208 79 202 72 62 159 232 175 111 165 215 61 279 260 66 55 268 144 54 204 158 154 46 49 124 156 140 57 77 206 161 96 73 233 149 113 300 88 145 164 258 278 213 142 172 269 84 75 101 242 116 39 253 104 80 136 248 199 216 143 33 179 120 51 231 110 234 41 58 167 252 151 191 94 207 85 38 229 171 297 200 286 86 48 178 180 193 198 263 187 47 37 274 155 295 153 291 244 123 256 190
127 166 220 136 228 286 235 45 128 248 281 122 261 62 99 131 35 277 171 69 46 81 98 270 107 101 246 115 80 142 153 66 172 150 53 165 130 201 215 200 292 94 179 205 256 141 143 121 221 73 242 151 293 58 214 95 47 272 249 266 198 145 56 294 64 139 100 97 37 110 43 187 288 265 296 146 188 250 79 268 289 175 116 88 112 68 137 219 167 75 224 52 158 207 284 119 178 232 260 190 83 203 117 189 54 247 114 262 254 87 162 206 109 282 279 233 71 169 40 147 168 244 57 89 152 123 105 159 91 155 185 181 182 297 240 191 176 259 208 132 180 70
134 264 277 92 155 232 247 290 89 185 37 284 295 294 127 190 225 125 164 97 242 300 103 152 120 124 165 291 113 148 280 283 212 115 296 44 191 288 197 243 85
160 117 211 111 299 232 93 300 238 163 103 246 131 243 290 223 37 63 247 266 240 161 197 284 153 71 229 133 51 39 162 190 258 294 52 90 172 233 136 252 40 113 245 158 168 58 206 213 127 191 69 169 178 98 61 66 100 253 242 88 241 228 135 208 216 289 214 120 275 104
253 129 209 271 133 115 210 82 77 138 194 84 247 178 177 174 251 139 46 214 99 106 54 78 276 152 136 281 40 203 66 160 120 188 79 88 60 125 57 199 208 234 300 192 286 164 113 213 156 81 155 285 104 206 219 91 183 269 135 294 162 59 256 119 170 243 185 110 149 263 179 145 196 282 67 93 142 98 176 92 245 289 146 227 230 105 233 225 278 254 274 109 153 191 181 296 89 39 95 112 140 131 195 246 76 201 51 223 204 69 111 299 193 205 298 75 108 102 241 283 118 207 215 258 216 175 128 238 65 72 287 158 266 262 200 257 222 250 127 255 218 259 147 124 284 154 157 248 96 261 187 280 71 150 221 38 239 48 189 226 293 242 184 114 58 49 42 44 229 83 231 73 182 116 90 291 94 277 273 45 279 297 169 122 220 47 275 134 235 228 172 252 197 107 97 236 295 121 217 244 267 288 290 163 166 292 198 64 68 85 117 148 151 144 103 130 126 52 270 211 237 86 202 41 180 50 62 272 264 190 56 63 224 260 80 100 141 74 137 186 232 167 212 143 87 101 43 171
237 216 117 68 122 205 249 183 281 66 79 81 238 286 200 242 152 295 269 199 195 80 76 229 115 245 106 225 90 124 254 265 255 78 40 185 276 130 125 204 158 123 103 48 291 143 147 275 113 194 94 63 264 220 56 75 137 69 227 109 44 251 45 179 146 161 41 234 111 175 222 232 215 93 277 110 219 43 289 168 214 298 231 136 60 118 284 46 283 226 297 172 112 184 294 72 243 218 206 266 67 65 95 97 165 164 187 104 84 116 77 50 192 228 203 86 100 239 188 39 96 102 88 134 89 47 253 114 246 49 196 271 197 244 53 157 105 182 52 166 148 120 83 170 261 108 208 189 151 71 241 235 128 190 186 54 268 176 262 129 139 202 57 296 236 99 211 87 98 258 293 273 42 174 142 132 267 107 213 230 59 224 82 149 70 145 121 299 101 74 212 127 51 270 263 159 292 260 138 135 217 257 55 290 288 92 180 279 85 198 163 300 64 280 177 119 140 247 144 259 160 181 250 210 150 178 131 272 91 233 73 287 162 252 201 58 278 282 221 240 167 209 223 155 62 133 256 191 126 156 173 61 285 141 171 193 153 169 274 207 248
120 255 122 46 64 245 102 80 256 39 221 87 119 266 111 259 258 199 295 254 187 44 141 144 211 284 290 159 185 101 40 188 297 166 91 178 100 61 77 150 53 179 253 300 97 272 298 136 69 164 197 283 73 265 276 96 282 41 176 184 228 162 277 227 192 206 294 204 218 210 249 172 55 167 121 142 225 146 63 89 262 190 103 201 104 270 155 216 57 279 278 125 212 238 251 273 193 143 235 289 213 110 126 83 115 202 88 117 215 217 234 293 232 106 196 51 74 263 79 264 59 130 224 139 95 291 99 78 58 81 288 54 43 181 260 108 271 168 247 200 138 105 292 76 161 52 198 296 85 62 219 160 223 65 205 209 90 170 169 94 285 220 42 45 237 134 154 153 158 123 231 194 70 242 107 173 286 128 165 207 246 186 175 182 281 152 75 92 151 171 48 149 189 66 203 174 84 229 86 49 56 236
91 41 67 63 110 114 192 52 159 258 287 74 210 156 233 86 155 115 64 217 141 183 133 42 178 53 48 69 111 254 136 80 284 100 241 292 189 260 135 90 98 149 244 139 204 138 238 278 101 166 237 57 279 203 61 161 154 148 102 251 218 297 207 191 50 122 276 151 240 70 194 226 181 285 118 147 281 261 79 43 188 51 117 84 211 58 271 213 265 92 253 280 235 286 162 300 245 46 175 202 103 209 140 44 88 186 167 126 131 66 234 252 65 82 231 206 228 270 85 247 262 274 288 165 250 294 94 130 275 163 257 113 229 293 225 168 180 212 184 146 198 78 243 121 73 205 263 273 55 295 176 264 277 291 197 47 108 112 195 208 104 201 179 81 272 45 164 134 62 259 125 123 199 56 224 177 299 68 129 77 239 282 289 87 96 132 71 220 196 221 109 298 172 150 72 142 106 232 223 242 171 119 185 124 230 95 249 170 116 158 152 296 267 193 127 93 153 222 187 215 200 145 248 236 59 128 255 182 105 219 97 214 99 137 76 269 144 169 143 256 283 120 54 49 160
82 116 130 42 140 181 95 136 207 103 137 208
251 77 285 54 177 138 296 51 205 87 230 147 158 211 258 86 162 240 120 238 81 284 200 130 84 45 124 178 136 189 101 271 252 294 183 64 154 108 299 167 288 71 184 157 137 169 74 234 161 191 123 261 241 155 57 126 283 273 95 43 150 102 292 223 116 96 216 224 255 201 266 42 127 229 67 289 256 214 149 212 192 175 215 128 63 246 298 254 213 265 98 47 107 278 89 118 210 100 163 209 143 94 233 217 131 97 166 132 300 152 181 203 207 218 219 168 110 225 104 88 105 180 263 172 262 248 60 62 297 119 134 145 264 121 151 190 277 197 199 226 78 49 257 198 122 268 153 235 70 243 140 73 174 99 44 188 204 196 280 66 114 195 185 269 65 232 68 83 72 103 291 267 52 53 202 69 56 173 208 247 182 109 260 290 141 206 227 139 50 249 46 286 156 133 165 237 55 75 82 125 176 222 231
79 241 50 105 96 43 293 228 232 266 255 202 64 160 211 237 285 280 176 251 44 277 212 103 61 254 234 58 278 52 297 88 161 149 262 59 155 48 159 63 92 269 245 209 110 74 73 71 177 126 222 267 195 125 235 129 181 197 191 261 291 286 116 260 151 93 256 178
124 186 233 51 135 300 252 278 164 55 59 52 259 123 260 95 160 139 133 117 79 292 76 294 138 249 279 109 136 174 170 223 264 92 284 115 209 129 93 113 72 296 256 208 250 145 205 199 275 167 56 104 140 85 215 48 243 149 96 120 196 214 127 142 270 166 144 207 132 221 84 110 289 210 263 119 285 265 114 200 298 211 206 190 230 179 234 46 299 137 88 80 102 82 50 68 158 173 71 54 237 101 176 242 217 177 105 269 247 232 65 146 70 212 202 67 125 218 91 169 53 213 86 286 141 118 100 130 128 236 57 74 151 69 143 159 188 111 240 239 181
60 89 220 116 244 71 87 62 186 151 111 53 267 202 72 108 206 241 120 209 230 173 198 212 139 86 169 101 292 215 201 158 187 221 74 112 46 224 291 148 84 262 47 222 242 216 298 92 281 166 106 153
62 284 188 240 166 124 162 112 183 58 60 212 85 59 73 76 101 48 174 160 176 151 255 153 295
187 166 266 236 283 246 295 127 110 161 96 190 275 158 235 170 114 298 226 148 117 184 57 182 105 174 181 193 185 122 216 145 262 165 265 116 202 268 55 179 225 73 224 252 49 155 180 253 191 200 279 157 88 121 234 285 223 263 152 287 120 206 264 228 213 232 167 84 142 56 146 118 247 215 203 207 280 162 195 297 97 61 106 77 237 94 147 198 128 82 201 300 290
80 258 222 197 228 113 244 114 229 290 139 90 99 267 108 246 56 79 171 130 82 96 94 249 263 161 49 48 243 168 164 283 89 190 185 262 60 66 184 143 299 183 170 75 123 126 210 104 107 91 226 234 150 235 188 131 61 232 64 285 209 74
249 138 98 160 240 96 72 81 233 156 97 172 60 232 183 62 299 174 194 126 244 263 66 260 143 127 170 198 219 252 224 128 218 152 158 155 180 121 144 132 216 150 300 166 92 221 237 57 268 61 250 182 134 266 169 76 140 229 202 78 264 88 93 131 273 234 188 209 55 104 122 294 241 185 117 195 270 235 65 184 282 189 191 83 228 238 51 200 75 230 168 107 286 213 285 236 226 147 193 269 63 91 157 227 71 133 272 280 161 296 136 171 56 109 105 225 178 267 145 67 154 190 118 223 220 207 199 106 54 167 162 116 261 259 119 246 120 165 287 176 89 50 99 70 151 298 179 247 192 265 187 100 146 79 108 205 239 74 222 284 124 101 276 135 94 175 123 293 115 111 86 242 288 69 255 290 215 196 258 114 153 103 245 125 289 208 292 283 130 159 197 110 210 212 80 163 149 271 73 291 275 87 142 201 279 173 77 278 277 281 59 231 53 251 204 85 129 95 82
228 80 237 270 268 121 100 117 278 250 83 256 182 272 142 129 102 75 279 61 92 196 148
137 147 197 144 277 118 272 246 235 51 56 131 163 58 127 254 208 75 284 300 215 253 114 219 256 233 93 145 153 282 85 68 116 67 80 139 69 148 124 57 184 152 53 204 193 196 126 297 135 81 290 279 270 205 169 224 220 280 209 99 61 183 87 111 71 62 262 202 275 185
296 213 138 191 232 275 293 135 234 169 194 286 146 64 233 225 261 61 91 273 222 228 151 173 187 161 182 77 188 235 125 103 121 249 123 84 139 69 109 179 143 157 74 99 136 262 251 131 240 283 271 71 177 175 164 243 217 223 297 132 68 176 201 75 186 53 219 192 144 117 80 229 98 153 289 163 154 141 292 255 60 218 124 231 133 90 145 227 100 288 168 268 79 78 116 101 202 70 122 212 82 267 156 81 287 189 272 253 180 239 108 162 190 147 158 299 150 134 279 170 104 119 149 112 256 276 258 280 294 250 97 245 244 248 278 214 181 76 206 137 198 113 277 93 96 86 130 88 266 183 215 270 185 118 291 252 148 221 167 284 128 72 237 56 282 52 208 171 165 63 85 178 59 94 197 126 92 159 55 54 66 216 298 211 209 265 155 263 300 196 285 58 114 152 174 281 224 129 110 207 83 260 295 115 247 195 264 65 184 166 102 89 226 254 199 160 259 230 73 246 257 120 105 236 172 269 203 238 274 107 142 87 205
206 132 94 180 260 280 291 248 227 143 104 218 125 92 232 221 234 203 155 178 76 129 263 153 141 118 123 138 259 287 103 159 67 97 249 240 298 120 112 136 127 261 116 81 66 110 292 300 139 85 241 113 192 242 265 165 208 273 195 115 187 288 213 189 62 106 276 252 134 222 170 95 77 275 82 233 58 197 60 268 212 75 279 117 271 204 144 277 183 209 290 296 258 272 225 254 99 205 245 278 146 68 74 56 210 224 283 162 286 228 78 142 243 179 88 90 172 137 175 257 163 133 158 237 193 167 188 202 253 215 87 229 264 184 177 173 256 72 105 65 186 121 80 156 135 285 239 282 185 247 246 236 299 220 266 181 289 101 219 154 231 169 100 238 69 190 151 102 128 250 84 262 149
71 189 95 149 249 124 264 252 106 182 185 245 96 244 266 130 248 296 90 87 205 227 187 177 61 100 192 259 123 228 139 83 110 233 268 165 186 202 88 167 85 198 183 161 231 59 196 136 108 86 200 240 146 64 102 299 122 156 166 208 236 98 153 77 214 89 184 222 274 121 75 137 229 147 70 128 101 170 63 239 169 191 175 280 215 138 171 253 234 105 265 294 226 201 74 180 119 190 93 158 210 133 232 58 291 142 242 217 162 73 84 273 209 92 120 172 288 260 218 289 258 194 235 131 295 255 290 68 115 238 125 143 211 212 91 134 286 271 56 188 243 163 237 151 109 117 216 150 112 224 132 55 65 174 81 247 254 157 246 197 107 111 140 277 282 99 207 204 195 297 145 179 292 176 69 113 230 103 164 181 270 144 160 261 267 262 54 287 94 278 80 241 148 79 72 154 62 223 129 155 276 220 221 219 173 178 206 279 126 285 281 152 256 116 213 141 257 251 203 284 97 118 298 300 127 114 168 275 159 193 199 78 225 269 135 67 76 82 104 283 272 263 57 293 66 250 60
191 180 193 229 122 146 273 295 79 297 252 140 132 245 126 215 139 257 97 65 133 244 254 123 258 81 154 167 190 249 293 200 179 260 125 171 237 62 206 72 66 101 100 120 194 111 276 251 168 59 92 236 213 116 208 285 75 173 269 217 94 177 277 95 112 196 152 158 230 98 138 166
151 225 231 166 86 271 135 91 230 126 167 117 288 223 196 276 131 125 80 222 220 246 104 106 284 144 87 262 273 219 136 63 81 266 250 238 149 129 272 113 255 101 261 61 110 130 72 298 128 75 146 169 139 245 212 296 174 244 278 170 92 289 152 268 59 209 282 263 218 193 67 239 226 58 211 294 242 60 207 138 232 109 299 150 74 103 277 156 143 173 141 137 179 253 56 264 159 258 197 285 241 90 279 78 64 210 108 206 247 188 201 82 234 248 119 265 172 162 274 235 176 292 93 124 286 275 171 290 114 254 181 155 147 228 224 259 153 227 65 84 122 236 194 300 98 200 177 157 121 70 99 127 89 252 68 240 154 77 133 203 192 161 62 107 198 142 217 215 260 57 229 281 184 73 111 116 96 66 178 204 233 257 280 205 243 293 190 213 186 164 115 102 118 140 185 71 202 132 251 249 237 105 195 287 165 256 97 158 134 269 297 120 100 79 160 112 95 187 175 69 148 168 123 191 189 145 183 88 291 283 180 295 76 270 221 163 199 182 267
80 101 70 214 211 76 254 244 94 117 164 129 62 114 193 192 171 262 84 82 260 247 207 287 96 105 197 106 234 227 248 183 141 163 229 176 283 156 237 241 224 208 210 65 149 172 290 219 217 253 174 245 71 257 160 236 159 265 181 292 60 158 144 79 99 155 116 238 264 100 204 199 177 267 179 136
152 159 112 238 108 151 239 123 296 174 188 243 178 209 121 150 120 182 233 148 61 144 181 60 111 127 167 118 290 115 67 256 194 165 162 271 176 283 133 221 175 164 79 220 119 171 186 160 147 294 143 196 259 105 97 191 297 101 104 299 170 295 114 198 134 291 192 240 268 146 102 230 126 258 161 251 59 131 107 154 179 253 65 270 275 63 190 255 113 145 286 300 76 72 285 199 94 116 267 237 197 244 109 206 158 279 64 92 93 156 90 250 70 80 228 95 265 189 172 66 195 132 254 200 247 260 129 204 77 287 207 266 185 84 210 137 136 86 208 58 149 83 242 298 245 219 215 280 78 184 91 274 201 224 122 187 235 252 173 141 263 180 163 261 142 140 236 88 157 87 177 223 249 69 277 99 293 203 202 169 166 213 248 218 226 103 229 227 284 168 231 73 100 211 96 82 71 276 222 257 139 262 193 289 130 98 264 153 234 89 272 124 138 117 278 241 217 292 110 273 81 85 135 288
65 260 85 236 166 74 237 82 261 277 264 255 76 168 79 278 200 178 123 181 143 203 64 169 270 122 229 89 108 269 183 223 102 161 199 220 281 296 70 231 104 276 167 266 280 186 177 170 81 69 146 110 243 215 113 144 118 154 80 207 275 290 153 179 297 114 299 194 90 151 99 137 244 252 147 273 138 105 282 115 210 204 205 68 130 272 119 73 62 258 96 128 145 217 162 238 193 78 242 174 88 197 267 164 124 268 292 257 120 59 225 208 172 196 214 131 139 232 293 239 157 158 92 188 247 101 97 190 185 173 222 250 198 262 95 189 251 67 253 155 211 289 149 107 152 221 248 283 212 148 98 94 274 66 213 228 202 288 72 136 180 233 150 91 182 116 141 286 287 284 86 298 103 218 245 61 216 133 100 129 263 234 83 111 60 156 249 201 184 209 117 84 112 163 77 300 134 142 227 140 127 121 125 230 87 106 285
102 179 230 291 183 196 200 243 226 69 187 290 245 211 191 285 94 267 270 298 299 70 244 238 77 91 271 82 78 117 171 300 158 134 198 74 250 252
261 61 145 149 144 275 238 136 122 119 190 188 277 66 194 168 278 173 132 96 165 73 95 130 111 90 172 213 206 140 87 292 273 103 99 133 274 252 247 105 64 109 250 155 160 216 220 196 94 89 287 297 110 131 106 223 296 211 151 124 184 176 187 113 143 210 129 268 218 244 289 207 195
269 102 71 146 138 164 242 230 126 132 80 88 212 200 165 129 184 104 244 223 283 208 96 173 70 292 87 272 111 195 241 256 294 205 171
217 115 137 262 273 119 200 181 109 149 96 288 173 292 289 91 164 246 259 111 197 234 87 212 178 199 83 270 206 280 277 146 194 106 107 213 242 241 76 276 192 88 155 153 166 231 163 118 147 128 102 295 157 69 227 138 240 238 158 224 93 63 218 81 121 184 205 159 161 162 260 126 132 287 232 249 160 71 80 145
218 74 269 275 295 203 162 265 96 171 201 241 139 195 102 75 116 156 168 216 273 204 207 299 288 214 71 132 173 133 211 99 232 105 104 206 145 117 136 263 151 107 172 81 293 233 126 208 64 176 146 86 125 279 121 159 251 152 98 283 247 94 220 178 190 242 72 137 70 97 196 192 179 294 219 282 229 185 280 256 189 95 252 142 227 249 160 181 199 108 183 278 255 150 149 226 200 147 109 194 153 113 114 297 260 292 166 119 257 165 78 234 85 158 93 222 111 272 186 291 163 217 80 276 228 79 239 130 67 289 215 240 180 174 248 82 213 115 88 230 193 202 161 120 140 138 118 245 274 77 175 268 250 164
90 146 157 159 224 128 69 260 124 151 272 182 145 276 118 122 184 269 300 218 82 76 167 130 171 288 243 280 113 116 132 186 221 194 214 67 188 180 95 173 229 201 179 102 85 78 108 97 212 177 284 81 217 234 166 72 99 74 230 227 154 89 192 222 287 139 164 80 278 251 155 291 87 235 250 253 203 144 213 65 196 121 289 237 242 248 236 261 257 172 275 198 265 232 283 111 107 110 282 207 123 174 281 92 71 292 148 75 279 220 158 273 88 254 109 105 295 262 161 274 241 226 66 193 256 268 96 290 294 255 183 296 187 176 277 228 160 205 98 137 83 94 297 209 175 200 68 299 225 73 170 136 70 298 197
110 286 198 128 202 83 74 133 122 272 66 288 102 277 213 296 253 169 123 293 281 116 101 150 108 294 241 195 70 90 219 174 181 259 261 250 300 134 278 232 178 184 221 254 161 186 285 168 99 103 196 138 126 194 187 132 86 269 208 292 200 222 242 236 249 211 176 223 215 91 71 152 239 283 243 214 266 135 251 267 105 233 203 129 263 163 258 228 69 244 191 237 81 96 164 172 209 106 265 295 75 225 157
276 190 104 269 193 164 234 184 94 295 283 252 209 215 83 263 71 251 261 109 133 143 101 186 240 183 157 117 281 126 277 260 267 236 165 147 216 187 119 142 171 214 116 242 248 226 141 121 128 282 207 140 98 244 154 114 91 205 300 122 210 137 139 299 160 163 173 218 107 254 195 167 222 274 229 259 227 250 110 291 176 134 197 268 181 179 156 271 203 235 129 200 290 177 249 185 279 76 237 275 113 120 223 152 131 213 280 168 208 90 159 232 204 158 96 188 278 105 246 241 77 74 125 192 162 130 191 151 297 180 84 138 166 206 73 189 201 93 245 112 95 247 298 220 228 285 198 292 219 82 88 80 270 67 108 233 72 287 265 149 103 136 225 253
201 212 281 240 185 210 106 256 183 122 265 198 171 238 176 146 84 68 187 246 232 158 272 91 209 258 93 129 259 293 287 134 97 138 173 276 280 72 202 110 264 241 279 153 111 215 261 221 203 289 249 168 95 94 135 189 124 181 149 167 126 159 152 89 141 225 196 162 190 263 247 231 206 292 278 269 248 227 192 275 147 229 199 115 273 140
126 188 198 224 139 124 177 136 288 194 137 148 181 237 99 243 150 205 173 260 69 154 179 286 178 228 240 146 156 164 201 203 266 267 161 116 247 74 294 299 230 110 252 114 90 147 261 84 275 187 125 287 167 202 248 277 264 175 83 249 111 106 279 272 86 165 166 273 93 172 91 204 168 75 160 176 289 226 256 191 276 88 89 153 196 250 296 236 109 257 195 122 213 254 132 220 255 245 258 104 119 105 70 283 225 282 190 298 199 131 103 270 221 112 259 151 278 235 97 215 234 163 222 120 189 82 85 200 144 238 73 92 212 94 216 138 210 79 208 206 233 227
175 236 126 222 159 169 207 116 155 234 101 86 157 261 106 200 170 268 165 191 158 133 162 229 107 250 154 252 272 251 138 218 289 286 181 163 280 70 237 189 214 223 255 216 288 127 209 85 193 204 123 202 297
163 112 212 120 274 208 136 123 117 262 156 151 183 264 144 261 143 125 100 213 86 238 220 255 244 133 236 94 149 199 82 229 216 181 234 91 271 285 260 150 97 155 182 175 215 115 188 241 224 127 169 114 222 164 141 170 72 161 73 76 267 242 179 165 206 265 298 193 250 109 200 124 245 217 104 253 152 295 145 219 283 272 148 89 243 158 297 223 211 201 257 93 184 160 139 113 107 157 205 248 186 189 266 196 221 153 197 177 168 102 88 247 198 230 118 294 78 137 159 111 187 121 173 176 154 178 254 284 296 84 129 227 81 166 142 268 233 79 228 231 207 278 80 172 194 277 210 273 90 281 280 195 259 85 270 276 171 116 256 75 77 138 122 275 190 98 126 251 174 191 92 209 239 106 237 140
98 125 218 243 298 256 227 234 196 84 184 105 101 93 151 188 106 220 284 230 159 217 109 222 240 133 190 118 187 164 292 282 269 104 290 271 260 153 175 250 145 181 205 77 88 296 208 216 242 124 252 192 115 273 281 176 268 225 136 254 246 191 172 171 94 272 233 113
257 197 227 186 123 212 278 246 132 218 299 111 217 209 129 267 210 248 195 230 250 264 182 145 255 274 77 258 243 193 283 223 253 184 205 191 161 211 106 116 235 127 133 172 280 156 266 134 148 265 93 121 175 173 153 188 294 256 298 85 130 103 300 82 198 114 154 125 117 276 269 92 146 231 118 262 158 74 90 170 247 88 245 206 219 165 94 81 181 136 289 240 296 275 189 75 224 263 214 260 220 285 213 167 270 98 169 150 286 204 139 91 83 249 229 143 171 160 110 152 176 115 138 142 216 242 89 180 200 237 236 174 80 168 234 241 295 221 101 155 135 124 244 137 177 208 100 192 281 109 259 293 87 282 96 277 199 252 291 78 288 86 105 271 225 202 166 179 215 79 254 163 151 73 128 112 84 268 273 226 126 144 149 187 183 232 239 99 228 104
182 204 258 95 125 213 83 159 245 194 288 167 174 271 105 111 141 98 234 155 181 156 287 175 196 198 221 195 101 94 165 134 201 106 192 300 147 121 253 277 210 223 257
186 81 203 190 210 291 197 231 104 218 235 174 79 242 111 289 232 91 284 165 123 136 184 236 187 94 212 100 122 154 293 139 207 95 198 254 272 143 84 164 206 126 220 180 247 286 266 217 112 171 92 202 135 125 157 243 214 195 246 287 102 277 268 222 93 227 249 98 298 256 167 199 189 261 181 166 148 241 209 133 83 292 159 204 259 128 224 269 233 200 230 258 251 213 238 282
269 140 112 258 238 198 205 106 265 188 237 253 142 242 208 90 152 158 300 177 165 82 222 187 174 281 189 209 173 160 274 191 217 179 120 218 89 172 83 154 244 117 231 290 234 87 239 257 153 169 266 219 245 286 186 99 114 161 156 164 78 104 193 250 116 143 256 196 95 254 134 176 170 167 124 92 195 247 240 138 285 148 151 197 178 105 119 255 162 213 94 127 260 181 130 289 228 171 287 229 212 100 126 235 296 211 283 284 262 221 129 84 147 276 98 194 215 203 192 252 226 150 81 223 259 107 118 145 77 246 111 108 190 122 96 121 113 132 103 216 207 102 175 261 220 182 146 133 180 263 101 80 230 225 85 268 206 295 297 163 278 204 159 248 280 136 267 135 155 149 270 233 144 251 224 264 109
175 260 91 124 281 139 300 100 284 95 202 259 279 292 150 213 277 182 140 201 299 266 108 151 89 126 270 226 180 249 162 131 225 99 222 258 204 97 243 193 104 232 218 127 181 155 109 294 176 191 238 177 295 96 122 198 94 156 203 158 154 90 149 146
192 95 182 139 265 213 133 239 184 269 128 158 274 218 237 166 115 92 190 216 297 236 111 253 144 246 248 126 241 121 211 134 150 99 217 105 244 296 198 201 187 276 294 267 143 145 101 118 234 88 242 177 283 221 223 256 209 124 162 258 165 175 279 106 104 82 180 288 227 225 220 277 90 93 107 176 173 169 91 148 137 200 286 83 257 232 123 98 214 251 219
226 279 122 169 174 140 138 292 101 112 241 266 251 89 121 203
112 228 261 281 233 222 127 96 287 214 200 254 251 183 191 188 206 192 249 211 153 272 205 82 229 115 138 276 274 139 248 89 122 150 124 140 224 152 225 155 217 208 215 227 195 106 250 258 226 236 176 164 146 207 162 116 103 300 297 90 135 80 126 268 179 165 295 292 157 243 130 196 85 174 257 154 244 81 279 110 201 125 87 263 99 113 187 275 285 270 186 271 129 136 83 199 84 264 289 147 156 223 107 108 209 235 118 231 240 291 148 220 166 294 247 182 282 134 260 93 145 189 213 109 102 266 242 265 94 159 278 92 128 86 169 256
273 129 152 188 162 133 86 202 249 189 254 81 172 219 206 263 82 112 117 268 119 203 144 264 209 187 116 261 89 285 98 272 183 131 174 199 269 143 160 176 141 238 148 289 145 287 279 233 105 140 147 94 100 96 177 185 142
196 222 150 183 110 294 269 265 210 268 143 259 132 252 238 85 186 136 188 178 243 261 147 285 194 231 163 157 98 181 225 165 144 289 116 248 97 108 141 230 127 126 211 272 279 242 146 234 193 207 123 125 133 276 275 192 258 250 200 298 218 107 111 189 84 237 155 216 260 137 264 291 263 121 297 266 93 253 109 149 215 167 122 138 130 267 232 197 292 118 187 274 223 241 95 219 198 293 227 236 148 106 135 271 112 247 154 255 124 179 104 168 278 221 280 120 245 96 300 296 217 92 102 212 88 213 249 145 185 282 113 153 295 204 199 180 254 226 152 251 117 206 94 228 270 283 257 244 299 151 290 182
200 85 110 184 172 190 150 264 231 221 87 180 135 274 250 169 178 287 157 160 136 199 146 270 232 271 283 216 280 128 167 138 129 297 83 290 262 193 242 253 144 238 191 219 259 115 195 220 203 263 99 228 137 255 252 246 201 90 103 145 239 226 213 269 278 165 267 257 156 140 161 196 123 185 112 284 194 204 265 177 212 114 189 202 100 105 142 187 224 299 236 175 291 205 147 94 149 133 154 182 163 272 225 294 240 159 234 217 98 245 106 162 251 86 210 296 248 209 273 176 107 254 101 261 244 151 282 289 293 139
97 178 163 288 175 231 244 189 228 276 210 132 142 109 291 234 177 167 217 99 101 102 266 96 153 112 168 161 184 92 249 127 269 284 230 106 191 233 218 255 154 257 169 202 182 220 207 152 200 295 221 149 214 151 150 111 134 268 293 246 213 114 282 274 104 176 289 273
107 172 208 220 91 120 249 215 116 250 90 148 225 282 129 87 197 231 258 132 85 145 123 211 201 158 190 126 203 134 159 174 257 232 245 140 150 183 294 271 212 209 260 253 189 196 283 161 165 246 240 230 205 111 106 244 206 168 127 227 198 218 224 229 160 276 254 202 98 151 125 153 93 154 113 175 275 213 186 295 292 194 237 173 286 88 228 124 100 142 268 101 156 193 95 112 169 288 178 114 86 207 291 191 157 117 289 97 167 128 223 242 226 110 266 179 269 188 222 131 89 199 182 162 284 104 262 233 118 247 102 137 298 204 278 146 252 138 155 251 135 261 184 270 105 147 103 259 234 238 121 293 267 92 192 265 214 136 143 99 241 300 239 296 255 236 177 235 210
167 140 210 182 215 122 208 173 190 236 193 231 187 232 239 132 282 125 114 243 261 248 117 184 151 136 170 244 135 287 194 285 157 138 241 127 259 195 141 162 200 256 110 160 164 254 142 221 237 290 295 153 258 204 223 240 252 191 198 225 113 202 179 289 148 159 207 147 158 181 206 104 143 120 229 242 149 227 288 94 134 137 96 189 201 246 119 267 276 178 213 86 133 123 250 156 196 175 107 224 90 238 262 91 99 93 219 131 272 87 97 226 100 266 235 152 144 274 286 280 129 216 105 220 174 230 183 214 139 255 150 111 203 299 212 251 279 275 126 145 172 263 165 234 211 300 257 297 161 180 217 292 98 118 273 284 281 205 233 128 106 169 116 171 89 291 270 197 294 95 253 176 245 192 264 168 199 124 177 155 188 269 268 218 209 146 228 103 296 249 121 102 222 260 112 186 271 278 163 115 130 108 166 283
250 173 275 107
166 257 224 145 119 220 115 240 189 172 204 142 253 123 180 117 147 108 122 160 113 156 131 177 252 110 242 97 88 281 293 121 163 169 254 246 201 274 197 259 202 291 132 206 226 198 155 238 227 127 207 263 267 173 249 231 217 176 275 107 258 168 265 148 213 279 162 96 139 241 250 126 89 243 266 106 236 146 232 181 292 152 193 190 143 104 215 221 114 175 260 296 136 244 282 214 187 209 295 93 280 165 223 284 269 111 109 94 270 289 283 273 105 170 299 222 272 157 167 237 251 100 298 183 150 228 211 186 300 212 288 205 261 290 159 153 235 182 90 124 294 277 208 116 140 297 199 194 178 185 141 191 271 151 216 276 138 239 278 225 133 102 262 230 268 229 134 233 256 195 149 203 264 95 164
242 251 256 279 278 224 102 286 93 212 252 273 241 135 108 89 116 164 294 195 111 300 218 296 239 180 297 171 128 105 124 210 284 179 90 223 257 232 157 142 169 118 269 148 98 109 215 141 209 144 174 275 159 237 236 250 133 216 249 235 217 167 265 227
271 260 223 265 133 194 159 168 117 277 297 222 150 142 206 300 131 211 280 221 170 104 267 253 242 238 188 232 118 268 273 250 116 247 190
218 194 272 235 169 255 250 266 163 108 129 210 270 102 211 118 147 281 101 110 289 193 179 196 217 241 223 202 136 253 259 98 254 215 214 290 174 268 113 149 209 285 114 219 95 195 133 103 256 188 164 155 154 286 263 239 197 252 231 128 157 229 137 271 99 299 134 91 273 127 141 230 291 191 150 282 126 222 208 274 236 227 117 279 300 146 204 151 138 107 166 185 184 92 165 173 97 93 115 296 178 277 152 186 156 170 287 295 258 145 120 240 265 234 288 276 224 242 182 267 132 232 233 142 294 176 269 238 105 264 135 159 249 213 153 160 190 199 205 225 111 201 247 109 292 237 172 244 221 175 207 116 96 212 130 177 119 131 262 245 171 143 261 148 243 180 94 139 104 122 161 251 226 125 144 220 167 246 248 124 203 112 200 298 206 260 283 198 106 162 183 121 228 278 123 257 158 275 189 297 216 284
238 277 235 270 224 99 229 285 223 160 169 284 172 210 193 134 117 121 128 202 295 286 168 294 201 188 126 253 93 178 297 135 157 281 194 125 266 293 282 267 185 234 228 137 156 225 98 269 276
178 295 282 221 98 242 184 209 152 185 201 283 106 175 235 119 257 206 262 173 204 134 145 146 249 167 187 241 151 150 130 96 228 127 217 260 211 250 251 149 170 248 102 271 95 284 114 259 125 109 275 183 207 244 189 276 234 268 155 194 261 164 166 126 266 93 240 293 239 141 163 172 180 129 245 216 103 231 179 291 157 136 171 258 104 273 100 120 182 196 99 286 279 223 160 192 116 112 267 232 214 225 254 238 274 159 278 280 296 191 193 181 290 294 165 202 177 121 122 190 107 154 169 215 131 281 108 147 137 111 139 299 113 200 101 133 264 252 289 156 288 176 220 162 233 230 142 269 212 300 158 143 153 118 218 198 168 229 263 186 205 272 255 219 236 110 94 285 247 188 270 208 105 243 123 140 237 161 117 246 148 199 292 297 174 195 132 222 138 210 298 203 256 135 226 265 97 144 227 253 213 224
116 258 166 209 294 286 121 274 236 220 295 147 226 143 206 279 117 207 126 259 146 198 231 96 172 197 148 289 115 151 225 287 130 181 233 191 161 199 253 174 282 205 298 120 261 214 129 266 250 114 267 260 139 122 296 264 269 195 223 239 212 234 134 98 290 184 271 208 150 291 192 185 133 277 138 141 158 106 100 164 153 193 288 194 118 175 125 247 128 218 189 241 99 232 95 107 156 238 245 252 176 249 178 272 227 110 240 224 217 165 230 281 243 202 154 244 155 229 190 221 124 132 101 103 111 127 263 182 297 299 237 292 285 171 113 94 213 137 162 204 136 152 149 280 180 262 102 251 211 256 222 168 131 284 140 159 97 183 179 119 248 167 278 135 123 112
145 113 191
98 206 290 120 102 124 257 254 300 139 239 173 241 268 170 213 183 276 227 188 211 270 133 157 235 99 249 291 278 272 248 286 182 204 126 210 155 174 198 224 150 282 293 116 163 165 237 135 122 201 255 212 187 194 178 138 269 218 244 252 280 265 288 118 207 263 245 247 242 128 146 193 148 137 192 147
238 224 281 125 294 169 100 269 214 152 243 180 212 120 287 268 204 272 143 184 173 97 213 288 157 126 277 266 146 202 179 259 105 167 215 227 160 220 175 225 283 165 106 188 208 199 290 127 263 103 98 187 130 267 129 101 194 136 291 159 158 205 161 190 168 217 246 299 192 270 185 140 261 234 117 115 253 228 104 262 142 218 145 181 189 235 108 172 133 164 273 203 119 211 293 116 123 249 148 236 113 200 162 289 198 245 178 207 128 264 176 231 139 298 135 256 257 150 278 155
121 234 207 171 177 119 266 222 162 251 265 227 198 127 241 239 257 278 237 284 216 183 248 280 98 285 189 279 112 118 156 131 144 124 105 157 180 202 126 274 146 194 101 210 282 164 273 205 225 140 160 113 181 117 104 259 161 196 297 203 123 256 193 137 212 143 147 111 129 261 168 217 182 270 130 291 120 178 218 250 175 215 298 220 135 99
192 258 294 139 193 171 128 272 179 232 264 202 231 213 134 143 157 107 220 261 222 187 178 260 240 262 110 267 148 100 136 271 234 241 164 126 236 239 137 249 215 200 286 204 288 106 104 244 270 165 242 146 155 125 163 175 285 221 162 209 203 206 176 103 237 130 295 194 207 99 116 256 177 211 102 156 218 114 293 195 168 184 101 265 131 172 299 111 227 145 297 276 173 214 268 229 278 287 259 257 197 280 205 153 152 121 108 251 144 124 225 226 182 147 252 253 138 112 254 279 208 289 120 181 118 117 140 224 183 263 255 210 245 300 235 180 167 169 191 212
192 128 186 260 197 139 235 245 298 120 145 208 102 194 185 118 163 110 193 209 199 291 221 198 164 182 231 276 228 275 205 190 241 196 179 112 150 212 137 280 242 261 267 101 109 262 113 285 131 202 237 152 168 129 173 283 258 274
257 212 167 193 300 252 133 183 261 290 209 298 245 251 188 221 109 289 207 205 228 242 172 211 166 169 152 141 247 226 281 293 107 162 267 194 164 155 151 224 296 285 216 102 175 147 176 181 239 276 191 125 171 160 254 161 101 116 168 218 158 124 272 249 220 199 277 288 180 149 196 222 232 138 280 200 246 120 238 202 286 113 266 235 135 275 248 265 260 132 192 274 262 121 240 269 214 126 223 283 208 241 217 115 259 295 140 139 131 106 229 177 170 201 174 231 294 110 204 165 263 195
143 169 282 103 213 191 219 227 229 183 210 266 252 176 246 177 111 244 105
229 211 131 173 130 163 252 184 136 200 195 247 107 269 231 174 155 225 145 176 275 148 217 114 262 183 254 281 182 292 193 260 295 276 172 105 194 133 282 284 161 255 214 109 188 151 293 181 219 288 256 111 290 258 167 237 223 199 121 274 117 272 128 129 278 268 186 220 112 212 279 241 289 240 216 204 265 203 201 210 196 137 177 277 300 297 157 150 206 246 232 192 160 299 116 224 142 235 178 147 233 190 221 126 104 271 120 165 164 251 264 149 106 266 162 185 153 286 249 198 242 171 134 253 139 250 208 259 296 175 263 115 202 141 261 244 236 248 138 132 273 152 118 179 228 215 283 230 267 257 168 294 140 113 209 143 291 159 197 218 166 239 154 158 110 222 144 243 125 122 226
273 126 113 261 147 293 148 137 234 104 211 299 165 106 210
158 126
132 225 257 200 236 120 121 183 111 258 252 175 297 295 112 138 184 178 246 209 151 232 131 146 259 213 113 147 254 173 289 142 274 192
269 146 187 152 277 179 291 202 280 241 297 180 258 285 142 173 121 232 261 203 132 231 264 233
229 140 266 129 113 258 212 209 296 274 110 222 206 171 156 133 157 149 257 131 238 272 287 162 246 211 173 189 271 284 260 108 138 136 253 236 174 119 268 205 176 276 187 141 184 279 298 161 226 201 153 192 282 151 259 237 193 250 264 132 186 225 234 134 210 269 109 146 270 228 263 200 283 254 139 208 230 182 135 124 185 281 275 175 207 297 158 290 163 203 154 116 114 167 232 128 169 255 191 120 242 199 289 147 198 118 291 213 126 292 231 190 277 196 194 202 286 137 125 239 181 204 183 247 294 262 248 159 111 295 219 249 130 178 300 245 217 252 221 117 288 278 177 148 112 127 143 121 293 299 216 240 180 265 115 218 273 188 227 152 243 164 280 160 142 285 256 241 172 155 267 214 150 168 170 224 166 251 179 235 244
272 205 165 156 261 114 204 158 147 136 270 129 284 185 269 245 157 143 183 162 222 184 250 218 173 130 115 122 279 295 192 255 171 187 177 194 243 288 149 251 294 154 111 281 206 155 172 257 127 258 296 299 201 175 109 123 163 193 160 217 208 141 125 116 221 292 120 176 223 271 242 234 248 199 244 139 268 182 293 191 262 290 297 247 238 246 142 265 220 178 180 300 236 126 198 230 140 274 202 150 228 189 209 211 252 291 225 280 112 212 146 239 224 256 214 235 166 260 286 203 196 210 169 195 128 144 113 164 151 179 119 277 253 289
114 206 220 249 229 265 189 292 175 148
234 233 156 195 150 249 271 260 242 239 297 179 168 251 143 200 129 144 238 123 152 278 175 245 230 243 166 296 117 197 171 257 189 134 289 120 292 216 128 253 164 116 198 186 206 226 259 149 273 209 250 264 214 274 139 119 167 275 227 126 223 221 236 295 176 254 210 141 284 212 172 137 165 204 276 279 263 298 287 131 248 268 146 147 173 286 132 153 196 215 270 193 159 199 118 277 142 130 158 252 208 224 184 211 148 294 174 182 246 205 140 222 261 133 220 125 113 266 258 267 256 228 300 299 124 202 255 178
186 153 112 216 234 136 169 274 133 170 275 207 157 268 197 230 209 201 138 214 145 256 290 206 254 260 149 251 193 148 180 171 278 219 284 292 135 297 140 128 226 253 155 156 158 208 257 183 259 232 282 134 152 294 120 272 162 195 178 151 168 212 220 244 154 293 261 245 161 228 213 127 173 285 137 181 202 166 141 229 159 265 277 273 288 221 258 276 271 194 139 163 123 267 184 160 296 117 262 291 235 129 142 126 286 132 190 237 146 121 287 248 203 217 179 116 281 198 165 298 196 191 264 131 119 223 242 122 188 239 187 299 246 182 289 125 269 167 280 172 176 124 115 300 263 200 147 250 174 150 114 236 279 270 210 189 113 199 243 118
145 282 134 293 128 160 287 276 142 217 137 193 172 133 202 242 168 188 175 118 256 208 197 114 115 255 123
119 163 128 236 117 162 254 294 137 271 253 207 143 276 221 147 225 124 216 219 174 178 289 295 250 224 296 268 245 157 154 267 235 290 223 262 164 229 191 270 274 203 291 189 183 292 179 141 165 222 184 149 246 175 255 227 209 285 198 256 269 206 155 251 214 144 169 233 282 142 217 286 187 168 244 226 201 300 140 199 193 260 284 278 160 122 138 205 129 186 146 239 123 243 176 266 133 188 258 172 135 120 202 281 167 171 116 283 288 215 275 194 145 293 190 287 197 231 115 139 130 196 257 134 126 173 237 279 218 242 228 238 299 297 148 211 132 181 263 208 177 151 159 259 131 277 153 252 166 265 127 230 234 152 121 118 158 180 240 248 273 192 136 264 170 220 241 212 161 204 185 247 195 232 182 125 261 156 150
244 300 196 188 296 255 140 243 172 180 222 168 281 120 283 285 174 287 251 273 153 241 170 132 185 228 160 279 258 137 158 280 151 299 298 288 204 209 257 233 278 142 141 207 124 125 294 121 217 270 286 221 234 134 147 265 247 227 182 117 118 149 122 157 155 133 225 239 212 136 138 195 269 115 206 135 226 277 245 128 253 260 178 167 263 215 214 187 154 123 186 146 276 219 268 205 249 229 183 289 297 175 197 267 240 145 218 250 284 290 181 164 282 165 163 272 139 220 293 131 200 230 190 259 235 248 169 199 193 161 179 242 148 159 171 256 152 119 126 191 198 176 211 246 162 262 223 166 116 177 295 150 252 156 144 189 261 202
223 227 203 174 192 164 126 179 189 229 130 272 242 264 292 187 133 167 284 244 206 269 183 266
285 171 170 235 200 182 221 144 257 169 204 266 236 143 205 159 292 140 245 188 234 224 260 125 249 273 286 124 238 145 232 276 227 142 291 183 121 246 155 136 172 137 217 128 251 283 300 289 138 122 191 229 280 213 189 119 168 231 262 296 152 132 186 196 222 156 242 215 212 165 282 263 287 178 241 174 240 147 271 127 207 220 135 146 120 243 197 149 199 167 118 214 298 154 225 297 228 163 209 284 268 206 218 148 192 117 164 237 261 267 202 210 293 184 272 181 259 250 151 150 279 244 295 173 190 129 193 277 185 161 160 255 216 270 123 290 162 195 230 139 180 239 253
226 251 222 232 210 181 147 282 134 146 215 180 237 159 141 256 247 242 186 140 160 236 127 286 289
263 291 195 254 267 282 159 188 194 164 281 198 141 249 237 228 265 142 200 204 140 163 136 262 134 270 208 135 212 190 176 299 130 288 257 264 129 300 232 122 147 131 223 258 255 157 192 243 216 296 293 165 151 154 177 253 261 247 197 297 217 226 287 120 240 215 235 231 161 145 183 218 126 250 219 187 174 241 280 277 246 121 179 128 125 123 230 213 242 214 238 236 168 152 206 285 175 189
267 132 218 185 177 289 168 296 242 175 134 214 230 224 136 170 233 158 298 149 285 174 128 281 124 210 280 155 268 277 269 130 249 273 146 283 286 188 215 206 159 127 139 229 284 126 272 292 142 266 221 162 278 259 212 208 164 232 247 293 287 181 141 172 234 270 138 227 260 217 160 199 254 144 182 120 161 147 154 191 176 202 290 275 282 145 133 213 250 245 125 263 163 222 140 152 271 122 143 295 276 294 209 129 187 173 179 265 231 150 167 121 165 186 258 274 194 207 190 239 288 178 246 297 184 226 248 225 166 241 300 262 216 153 256 223 220 123 201 193 204 151 183 244 203 235 198 156 197 196
181 266 284 133 298 270 217 178 144 210 246 276 230 147 296 233 155 229 275 145 224 200 231 208 285 241 182 153 282 142 188 204 280 289 257 151 211 156 139 283 237 252 164 251 205 162 261 146 174 279 269 244 152 258 207 297 198 222 236 277 220 202 169 206 187 278 254 221 287 273 223 170 123 216 189 122 171 192 292 165 191 253 179 203 249 293 294 299 215 228 225 264 235 141 130 240 154 295 268 227 242 190
155 123 153 253 130 174 293 124 204 192 292 221 269 211 272 158 196 181 296 243 138 232 210 228 139 163 212 275 131 178 184 127 213 300 223 288 235 125 167 245 177 251 287 266 122 263 151 172 134 268 206 186 156 274 260 200 150 250 136 273 207 183 270
211 150 188 260 145 132 210 279 256 193 290 134 293 221 191 140 124 270 235 252 152 182 158 156 251 159 207 289 167 220 197 171 166 241 200 246 266 298 148 257 127 268 248 208 295 178 286 264 258 146 230 269 212 222 247 143 300 162 172 161 174 147 227 291 130 175 177 228 139 284 123 136 272 281 261 160 215 243 233 201 199 238 196 141 129 225
174 265 279
264 225 252 286 202 129 132 296 131 277 259 291 138 261 285 243 174 168 281 126 229 269 146 206 220 186 184 140 130 193 262 164 201 272 141 173 290 154 247 217 241 234 195 233 288 190 149 162 300 198 187 211 144 293 192 279 224 158 199 292 175 258 230 188 231 181 238 222 294 280 253 210 128 183 179 133 284 157 166 219 270 207 143 182 274 227 147 150 148 278 204 191 167 289 208 180 203 276 172 171 239 194 218
176 293 203 221 188 235 248 226 153 147 225 216 210 247 280 127 200 175 240 274 198 255 185 267 250 163 283 296 251 207 165 249 140 132 137 231 130 276 159 179 281 218 166 191 268 211 206 252 286 202 259 242 264 171 187 164 257 177 241 204 126 300 284
238 147 299 297 249 137 245 150 290 218 156 222 298 167 153 172 185
202 157 290 257 175 221 262 210 287 209 248 226 171 278 285 263 296 173 291 195 245 266 137 208 281 219 197 229 158 265 289 134 185 201 191 274 196 177 242 156 258 145 218 187 293 150 148 271 162 133 205 141 237 161 204 231 267 159 140 153 220 149 167 200 224 144 132 194 172 155 270 206 233 179 234 139 253 214 169 215 244 300 217 273 223 284
142 171 202 295 292 278 162 144 146 216 265 200 250 170 231 129 289 284 159 137 177 206 297 141 244 154 186 195 188 138 221 241 176 252 196 210 223 249
295 158 257 282 245 220 300 187 278 184 215 200 255 185 130 251 226 160 228 210 296 214 287 178 252 154 243 233 239 205 230 259 141 262 238 138 298 271 236 140 139 162 183 231 246 283 135 292 195 234 273 196 144 288 290 177 201 294 159 171 179 247 199 169 206 167 299 186 281 191 293 274 152 260 250 275 137 150 289 148 264 202 165 213 291 268 207 131 276 151 181 180 280 193 249 225 146 166 263 217 172 248 209 237 142 174 212 240 266 229 244 192 211 182 232 224 204
138 273 221 276 147 142 258 201 285 284 238 265 163 174 244 139 240 136 245 205 154 229 227 131 239 141 211 186 210 267 224 216 263 237 255 213 146 165 172 254 187 182 250 198 233 185 134 149 288 271 225 272 253 217 266 156 220 178 158 202 148 286 269 206 150 197 169 246 176 292 259 290 297 177 218 293 183 279 214 208 234 189 209 299 212 190 144 193 161 241 215 199 278 200 133 175 135 252 300 194 164 294 281 282 283 275 287 196 235 236 248 257 173 291 157 184 167 296 289 219 268 152 168 203 232 180 251 256 204 277 151 231 270 295 143 223
220 260 194 261 200 278 221 245 204 255 265 181 233 257 170 272 292 133 140 202 153 231 164 136 159 205 279 251 277 169 264 152 195 182 237 246 197 289 213 188 262 190 229 299 199 210 282 267 256 276 253 252 186 228 177 284 151 227 247 290 286 146 154 243 135 192 219 203 297 248 274 141 300 139 238 224 232 142 241 234 134 167 180 132 291 196 163 149 160 285 137 294 184 211 273 269 293 270 185 259 280 287 271 214 143 158 275 147 226 222 165
295 195 198 213 186 288 242 146 144 214 135 270 276 145 256 220 216 281 246 181 150 169 147 297 167 133 263 257 282 174 269 141 175 298 193
255 148 144 172 198 254 207 273 246 290 239 168 229 238 228 269 135 285 188 137 222 262 237 270 185 161 226 258 263 176 248 288 249 167 178 244 299 274 184 252 192 136 265 169 234 292 276 253 257 256 186 146 194 235 142 155 233 216 250 204 289 259 149 134 284 199 177 143 221 145 279 296 141 166 156 158 225 202 160 190 140 272 201 287 196 283 297 210 275 215 278 251 157 182 181 180 183 227 214 205 152 197 203 230 191 206 260 295 232 243 280 159 200 267 173 153 138 241 261 240 165 163 213 211 282 175 224 209 268 208 150 170 242 195 151 179 218 193 277 212 139 147 171 187 247 154 281 294 162 219 220 300 286 293 298 264 291 189
237 163 146 184 258 280 140 183 250 161 210 222
161 151 183 281 176 149 154 251 175 282 141 291 137 278 164 168 212 146 163 166 152 288 162 179 254 255 182 195 231 232 289 148 205 169 264 156 172 248 185 263 203 147 256 199 280 250 228 261 260 209 197 216 300 140 191 284 285 252 223 238 257 138 287 235
157 240 154 293 207 218 289 227 138 146 167 255 265 206 237 220 291 266 214 229 180 139 284 211 150 197 181 281 294 292 236 191 182 259 200 159 196 208 142 184 192 231 298 201 216 205 268 271 230 164 272 188 264 295 189 249 199 288 217 219 247 148 179 158 282 169 212 151 257 225 270 256 222 178 296 190 186 274 195 243 160 163 262 228 177 267 175 241 269 174 156 166 226 152 246 297 193 242 153 286 209 250 168 176
195 169 287 190 273 286 254 297 153 147 280 201 255 224 209 212 248
280 234 200 146 183 179 187 166 163 178 300 271 252 226 224 160 288 157 269 190 298 205 248 193 154 219 221 244 235 207 230
217 141 254 148 198 161 239 168 270 236 203 234 152 172 233 257 262 296 267 291 177 197 232 269 272 186 159 157 237 283 210 150
193 161 229 164 173 261 290 228 141 284 299 242 298 270 275 247 253 252 206 282 250 273 266 287 277 257 192 223 205 204 274 149 239 283 271 171 296 179 281 244 221 187 255 286 183 231 294 210 245 238 211 293 219 259 155 157
187 300 175 176 205 280 154 201 204 227 160 188 279 191 151 276 170 166 294 240 229 165 200 274 287 143 239 157 185 293 198 174 145 226 207 203 271 202 254 253 236 286 152 186 262 178 173 220 171 225 223 159 146 215 150 235 144 217 266 258
233 185 297 234 176 151 285 300 296 249 295 242 225 288 244 256 230 149 221 215 158 206 255 270 246 252 294 174 161 222 172 278
167 255 272 164 260 188 200 247 160 219 158 181 178 276 196 300 234 185 230 222 204 157 145 275 279 205 170 225 187 154 232 269 285 278 235 163 179 183 238 244 186 270 182 208 298 144 203 265 292 241 271 217 263 248 165 233 250 195 237 161 277 155 150 286 184 273 202 214 261 156 199 146 209 267 173 281 216 240 212 256 172 221 299 193 254 274 176 245 294 296 168 284 190 258 227 226 211 197 239 253 147 223 207 236 175 224 194 291 174 288 262 293 159 206 229 162 231 264 252 169 282 166 268 218 290 191 210 295 228 257 171 213 242 215 243 220 148 249 152 189 283 280 287 266
154 195 171 262 271 296 149 152 248 197 192 153 237 230 206 255 180 216 232 299 146 277 267 224 278 170 231 169 273 287 300 297 201 151 243 288 210 258 161 295 214 260 202 280 160 276 263
249 230 268 206 229 164 228 175 171 216 285 296 277 252 215 176 219 156 199 290 239 212 281 180 217 157 198 240 218 159 250 234 271 211 241 162 161 153 204 246 190 257 247 232 279 244 208 186 261 167 255 245 287 253 272 152 184 221 300 223 288 182 173 146 237 294 295 293 233 174 291 274 188 168 172 155 154 292 243 185 269 231 177 195 248 179 284 299 267 181 203 194 254 273 191 260 283 169 270 280 226 225 222 265 256 160 264 200 227 297
222 201 205 219 199 259 157 178 202 278 168 287 285 260 263 154 210 230 239 227 288 238 291 268 207 192 245 195 158 204 257 187 281 231 300 188 176 264 290 197 272 186 244 223 283 214 193 284 181 236 243 191 256 295 182 194 234 275 250 298 208 184 296 155 153 289 209 203 148 270 218 293 248 217 246 200 224 269 276 254 240 159 175 262 255 294 267 213 151 225 166 211 242 228 279 164 252 297 152 266 162 216 235 271 174 163 180 173 215 150 156 265 206 226 161 258 247 147 292 249 251 165 282 274 198 149 170 169 171 177 273 233 185 179 299 160 232 280 183 286 277 167 229 189 172 212 196 261 221
186 178 259 218 282 213 249 231 160 205 161 169 201 220 292 176 298 285 256 173 215 281 248 254 156 229 280 196 275 183 265 236 233 171 203 230 235 188 244 257 252 193 295 170 224 216 294 297 175 270 155 223 163 190 246 291 251 243 209 181 268 210 182 238 284 151 179 266 162 239 278 212 185 269 234 273 226 206 245 158 228 199 258 194 289 279 172 242
235 248 174 271 257 258 209 241 297 268
252 212 255 244 274 232 279 201 259 263 248 242 166 161 215 197 195 221 211 262 154 224 188 233 167 225 257 216 300 237 205 294 172 238 217 150 285 266 241 157 273 235 220 250 173 198 267 179 271 177 226 210 206 200 277 155 293 288 251 183 234 291 218 164 264 295 202 189 187 152 254 228 178 159 243 260 299 209 194 253 265 227 162 278 256 246 269 261 170 182 160 175 290 153 169 222 275 247 219 156 158 270 185 282 272 165 284 180 181 287 245 186 192 203 249 286 204 289 268 199 230 298 190 184 239 191 207 214
200 276 228 206 166 280 226 229 247 225 292 230 198 158 296 205 154 196
293 275 212 223 204 189 206 222 238 254 226 285 207 215 179 239 169 188 284 186 277 244 292 182 156 268 261 256 160 168 162 200 286 276 208 224 257 251 190 241 172 278 259 197 152 193 245 157 266 299 249 192 210 243 198 267 213 228 196 159 205 250 270 217 178 163 203 271 252 289 174 272 274 297 273 201 235 298 211 161 283 219 282 288 269 294 155 263 265 287 229 164 236 181 246 220 280 242 209 195 221 253 165 234 258 225 237 227 260 291 290 248 255 175 262 191 202 216 154 296 240 185 153 166 218 300 177 184 279 214 230 281 247 180 194 231 183 232 187 171 233 264 170 173
178 280 208 233 191 268 273 200 267 255 260 291 287 241 169 236 245 266 221 163 184 263 176 172 262 207 179 278 289 173 168 269 203 182 214 292 180 223 294 298 193 228 162 216 158 288 249 160 198 219 170 235 224 190 239 154 297 240 181 250 253 295 183 218 187 192 252 244 206 271 177 195 247 261 188
279 255 283 216 185 281 174 240 288 247 276 157 161 158 273 228 292 226 284 295 282 177 296 167 182 171 163 251 254 170 286 260 253 238 246 168 175 186 271 225 252 235 245 155 201 290 289 242 162 248 203 194 176 181 159 265 206 222 241 195 229 272 270
240 193 175 225 210 286 218 164
248 228 239 167 226 188 224 283 272 173 270 237 250 160 177 298 162 169 254 244 287 256 258 186 288 251 171 205 282 263 181 266 183 271 220 299 172 289 279
278 294 189 244 218 285 201 276 217 163 200 261 227 202 181 251 160 228 224 230 264 234 168 171 279 178 197 175 283 190 273 257 215 203 158 216 226 199 266 292 165 172 255 207 256 258 245 252 254 298 177 196 284 169 293 179 296 243 221 297 286 239 259 246 188 187 210 214 241 195 262 287 193 271 192 268 206 288 282 209 299 274 275 229 220 277 253 232 272 198 166 208 269 170 162 211 236 265 270 212 300 173 205 233 176 185 186 157 194 250 237 191 289 291 184
177 184 236 285 289 256 221 261 174 160 158 200 161 274 213 222 190 227 272 268 235 185 299 182 172 262 277 211 246 271 248 234 263 226 176 243 181 252 199 241 260 164 171 159 212 216 203 231 270 287 195 249 183 300 191 188 201 280 204 257 276 214 253 180 259 162 238 292 187 284 207 293 295 275 178 298 251 217 163 286 239 230 229 255 196 242 223 193 167 215 264 265 267 209 197 192 232 224 170 165 233 218 283 194 166 266 258 291 179 247 254 219 189
179 273 298 163 192 174 294 200 196 295 239 281 261 241 253 219 211 272 283 258 166 282 263 271 257 260 287 172 227 238 296 274 167 279 256 262 266 300 225 184 275 291 193 240 285 183 214 159 162 284 251 276 175 176 210 280 226 224 267 169 299 288 268 243 198 231 220 254 216 177
273 213 161 272 180 194 281 223 256 247 271 177 292 297 258 229 245 286 201 259 160 280 206 279 294 217 235 222 185 268 171 216 291 269 232 267 187 162 164 196 238 274 275 266 176 264 240 209 299 263 227
236 273 197 212 285 235 298 176 221 277 237 184 282 288 182 232 185 245 279 300 194 248 192 283 291 276 292 171 193 210 178 284 296 253 205 166 213 211 187 258 174 266 201 177 260 270 230 249 239 202 173 269 231 228 219 229 220 222 254 218 199 200 186 274 164 175 195 255 244 189 224 263 196 190 161 181 268 264 297 206 223 280 234 293 208 267 227 261 295 242 180 165 168 281 209 207 257
191 264 218 243 240 194 291
273 181 167 260 240 265 258 213 282 178 205 251 243 291 295 165 168 280 219 270 235 252 228 190 274 255 164 289 173 236 214 294 201 226 212 249 199 256 166 261 183 221 182 209 242 187 296 186 257 281 220 175 239 193 217 283 237 176 264 192 298 233 248 238 170 272 287 177 286 268 253 196 285 278 208 171 250 263 284 189 191 300 245 223 198 200 277 244 195 202 163 290 266 225 297 229 292 206 204 288 207 197 227 247 224 218 262 230 241 172 185 246 216 299 222 169
242 189 214 172 203 299 227 217 250 288 210 237 279 192 295 269 204 225 248 240 241 275 243 273 209
219 174 204 289 201 189 220 178 208 242 257 246 269 231 264 247 175 286 218 209 241 262 280 236 291 171 287 293 290 170 169 263 239 294 278 268 277 222 185 212 181 198 194 186 196 188 256 233 274 214 165 228 272 243 254 244 177 217 252 180 168 260 200 224 197 267 266 259 296 292 199 265 270 216 207 282 245 300 179 205 299 248 250 176 226 275 279 172 295 225 297 238 191 235 271 193 283 223 173 213 298 167 215 240 202 237 285 187 227 258 261
300 198 288 290 215 279 225 184 207 222 223 249 194 202 244 264 174 175 186 204 273 196 281 275 206 261 201 276 245 221 200 212 274 187 235 168 220 262 247 260 282 181 227 295 286 208 259 185 173 299 180 182 179 178 284 241 226 291 192 240 265 203 232 189 296 243 277 278 248 191 214 167 193 272 172 166 171 250 263 231 256 211 210 287 176 233 197 170 285 236 283 219 205 177 234 237 229 251 266 209 246 253 169 268 216
298 277 300 169 217 184 275 195 260 219 168 234 187 209 200 226 294 249 282 238 250 273 255 204 181 279 220 227 271 210 283 265 194 188 222 201 239 245 225 190 173 189 171 202 175 281 237 208 274 284 228 292 272 235 266 231 299 186 207 214 192 213 198 286 244 259 248 174 212 177 270 285 246 280 295 221 196 251 256 268 261 252 179 185 180 176 170 291 290 242 172 263 276 257 232 206 258 243 267 191 247 236 223 230 167 269 240 224 262 205 216 297 288 183 182 296
237 198 276 294 184 299 210 188 185 238 227 191 214 293 212 277 265 180 291 183 195 179 218 234 225 273 220 282 175 229 244 194 279 240 242 177 251 176 219 286 272 260 269 187
289 292 242 169 266 280 181 282 288 192 248 287 273 227 269 277 210 275 299 294 206 297 258 255 265 290 247 183 262 204 216 261 274 193 240 209 251 245 226 236 291 188 231 284 260 267 270 174 176 243 281 296 250 263 222 187 205 237 201 264 268 207 202 249 186 254 283 229 175 211 239 295 221 215 244 217 208 200 178 224
183 286 267 262 177 277 217 279 256 225 199 222 246 194 287 178 253 252 180 209 179 215 240 182 188 237 184 174 189 265 238 171 218 208 258 181 213 231 294 230 248 251 298 226 216 270 197 242 187 220 219 263 234 223 173 293 249 205 239 247 292 244 233 275 204 300 281 185 273 278 271 290 276 212 299 296 200 210 243 268 191 266 172 236 260 254 211 206 207 229 196 175 250 224 259 176 192 232 245 291 297 186 235 190 289 283 228 295 280 284 288 203 269 261 221 285 264 193 227 201 202 272 241
223 217 221 227 254 262 190 239 214 181 203 259 255 177 243 240 186 249 207 285 204 278 215 193 248 246 290 245 267 172 176 212 224 256 179 184 284 189 293 279 250 268 208 183 219 201 173 274 198 218 194
292 223 282 201 256 300 188 183 270 296 295 189 286 180 204 269 276 220 287 197 211 260 294 264 199 218 252 281 203 275 268 226 289 235 297 231 190 248 298 209 214 280 179 176 215 271 246 242 291 284 195 274 259 243 238 245 254 262 172 299 213 244 217 265 207 249 247 241 208 182 273 285 290 227 251 181 187 266 198 228 255 185 178 261 193 240 212 233 237 253 194 202 239 200 278 263 210 206 277 293 250 186 232 222 221 192 258 267 283 175 196 229 279 234
242 220 214 187 288 247 216 275 207 248 222 218 259 197 234 295 174 198 205 190 206 229 296 273 263 260 188 239 211 270 293 262 261 298 217 179 292 279 204 223 281 241 209 254 199 266 178 185 283 196 286 175 231 181 291 193 224 182 203 225 268 184 213 274 226 276 245 265 277
232 282 200 196 228 291 221 218 183 286 182 204 288 266 292 214 197 193 215 240 258 246 265 269 289 274 176 199 216 187 222 275 248 249 236 219 290 223
179 231 187 246 280 197 248 223 265 239 182 227 203 259 232 177 283 178 275 229 278 235 269 262 285
253 256 242 260 286 226 181 269 278 235 258 250 277 234 196 204 273 180 214 179 254 248 255 223 203 249 239 188 274 193 287 227 252 294
211 227 270 283 233 282 202 204 234 300 236 257 226 296 210 197 208 232 178 198 187 252 218 277 190 244 177
263 242 218 266 241 246 268 281 265 189 254 217 258 232 239 226 296 298 193 300 181 211 272 247 236 197 200 287 257 249 290 240 224 299 203 284 229 235 185 196 206 188 233 238 223 256
246 252 280 196 198 221 272 282 199 264 259 201 292 237 273 260 214 212 211 228 218 236 299 262 202 249 206 261 278 258 219 243 229 235 275 277 194 270 215 187 298 230 276 285 220 279 284 231 207 238 265 266 189 293 290 291 267 248 193 295 204 263 192 294 296 197 242 281 217 297 179 181 244 256 183 274 216 210 182 224 240 226 209 300 225 283 205 185 255 257 250 232 234 288 186 190 222 245 200 195 269 233 203 289 254 213 227 191 271 208 286 184
210 245 184 194 229 225 287 200 291 218 289 270 239 203 271 222 209 265 214 193 290 272 266 261
193 260 265 234 201 249 231 228 196 300 266 261 194 287 254 259 248 214 291 224 229 246 198 290 277 273 272 186 184 289 267 188 222 221 210 281 211 227 219 206 255 263 182 282 242 199 288 235 251 240 296 208 195 192 218 237 285 264 191 233 244 204 279 226
298 269 189 248 211 290 224 297 256 213 240 262 280 183 263 273 197 245 203 229 219 204 239 222
209 241 184 187 236 220 299 244 270 298 192 256 277 217 280 198
236 231 229 206 292 271 217 218 203 245 219 241 191 261 227 256 273 251 250 243 283 259 235 200 282 185 224 215 244 226 284 288 266 285 198 263 189 279 223 290 268 253 276 234 255 228 199 233 293
187 279 208 246 274 273 195 286 237 214 193 190 225
234 257 255 274 291 207 213 191 263 219 250 216 269 289 195 217 235 210 280 237 187 232
261 288 219 244 249 202 285 253 245 265 226 300 292 251 212 278 290 237 213 273 250 258 299 198 262 268 264 204 275 203 239 242 298 296 241 224 272 255
195 270 260 202 272 233 246 194 217 251 212 283 197 240 192 213 235 292 264 234 271 222 244 206 276 300 216 193 196 188 299 201 274 298 290 256 279 214 200 277 273 293 242 296 223 250 265 189 261 288 190 237 281 218 232 247 287 275 224 280 204 230 278 269 227 294 209 297 207 257 266 198 291 220 208 248 253 282 203 238 219 245 225 239 226 236 259 215
276 280 272 239 279 210 273 277 249 199 197 200 222 265 238 282 262 266 204 290 214 201 285 223 212 215 284 287 291 298 281 253 252 274 271 196 205 294 219 233 227 296 299 216 220 218 208 256 225 235 243 231 247 206 250 190 207 246 292 203 245 189 275 259 278
233 257 282 292 273 192 278 218 243 293 281 298 253 284 200 239 222 237 255 190 259 219 256 209 204 240 231 274 249 264 203 288 230 271 297 246 241 254 270 197 213 216 224 283 286 198 289 247 277 232 226 250 217 196 191 223
213 226 283 255 258 200 272 296 297 260 274 193 250 277 231 233 263 236 288 198 246 285 210 205 202 298 220 281 219 197 221 234 248 276 241
250 271 264 266 200 239 217 265 240 277 285 300 224 203 252 297 225 295 260 216 280 244 204 267 210 258 220 193 269 287 290 199 242 288
195 263 216 266 194 235 262 265 202 227 254 196 215 287 203 234 290 251 211 252 271 256 278 226 209 219 288 200 218 283 299 232 236 238 298 267 206 243 281 207
276 262 218
252 299 268 251 213 280 231 244 264 261 289 246 277 226 270 300 208 202 221 197 205 238 232 233 293 292 269 224 204 229 211 254 195 203 294 255 245 249 234 247 210 235 220 223 198 287 199 267 241 236 222 253 276 271 295 283 219 275 217 239 284 201 296 216 266 209 279 278 227 288 225 243 215 237 240 262 274 272 273 298
253 232 204 206 263 293 225 207 198 244 296 213 251 265 260 298 299 280 242 226 264 277 205 276 259 252 238 295 219 278 215 227 221 234 300 202 250 237 220 236 199 248 200 287 282 235 284 254 211 267 210 230 297 286 229 261 294 275 257 279 196 285 245 281 269 233 274 262

198 234 282 256 228 243 213 244 252 212 214 200 215 209 245 293 281 223 220 254 292 273 221 237 225 247 238 204 285 271 291 259 297 268 278 295 201 286 250 207 280 206 277 208 218 255 232 202 236 289 275 296 283 217 267 240 211 226 210 261 235 233 239 264 249 265 227 263 203 219 288 260 229 290
210 265 226 283 269 288 245 287 298 274 214 204 218 255 231 280 270 212 203 261 257 224 237 238 199 296 300 230 205 207 200 233 208 267 289 223 235 239 232 294 250 295 252 206 229 290 236 213 248 201 273 282 285 222 271 299 249 293 292 216 256 268 291 202 225 253 240 279 284 278 246 244 259 227 276 247 241 251 254 242 217 281 215 275 219 234 211 272 220 297 262
300 238 277 248 243 232 204 228 223 280 275 281 292 215 207 291 298 272 289 255 269 202 220 244 205 296 273
231 262 296 288 286 269 207 218 228 292 212 220 257 265 210 247 203 283 227 264 237 240 234 226 249 243 235 280 219 275 244 293 225 298 266 263 206 271 246 223
224 252 236 274 260 257 297 217 290 221 228 263 296 280 241 288 286
279 282 249 264 225 295 219 239 274 230 226 213 244 224 286 260 285 236 228 281 210 246 234 273 212 256 275
283 211 270 218 234 297 246 219 251 216 226 214 267 249 285 232 286 241 298 277 282 271 257 221 205 272 260 292 225 265 300 278 295 274 252 240 220 275 230 235 254 279 263 247 261 280 238 291 264 231 269 212 268 209 290 233 253 293 281 243 287 207 296 215 284 250 239 299 222 204 255 224 227 228 258 289 294 208 213 217 244 248 237 288 245 236 210 273 256 206
300 269 234 256 239 245 226 259 260 207 213 290 263 255 253 267 242 294 288 285 293 283 244 243 279 241 277 270 216 251 236 297 220 282 224 235 233 229 291 273 237 252 278 292 225 221 209 208 271 205 254 214 250 211 238 210 299 296 218 217 206 286 272 298 232 265 223
287 218 249 269 233 256 223 237 295 300 214 222 211 231 254 248 263 250 208 292 272 258 242 273 285 220 288 277 206 216 251 265 260 268 212 228 227 209 271 225 229 296 289 294 283 262 259 234 235 297 275 238 286 255 221 210 236 281 253 282 230 207 215 266 244 280
260 249 220 298 224 294 262 227 268 243 254 213 212 223 222 287 281 214 269 217 210 208 234 244 296 246 237 267 211 270 221 286
287 272 270 268 275 279 244 283 211 274 216 219 210 265 298 236 212 249 295 290 294 289 209 252 276 240 222 292 277 285 299 228 234 266 223 237 227 273 286 267 229 221 245 288 250 261 232 208 213 278 218 242 246 282 297 284 262 271 235 280 263 293 256 259 239 254 264 224 291 226 248 296 260 220 257 233 217 243 258 251 241 215 253 214 269 247 238
300 299 232 284 219 241 210 296 221 270 255 276 226 286 292 280 279 254 239 268 269 297 231 235 287 211 294 217 224 237 242 243 293 247 262 236 251 222 238 266 256 282 240 230 289 291 298 271 283 272 278 212 227 274 209 253 264 288 244 295 246 218
270 227 276 264 233 279 273 277 219 231 222 239 234 218 298 285 291 232 242 235 275 252 286 216 268 260 240 283 248 289 266 293 225 274 213 300 245 272 284 292 224 280 210 243 220 294 262 269
227 292 239 282 289 234 260 232 295 230 228 216 217 235 274 211 290 264 226 258
244 286 228 266 267 290 254 234 237 260 223 288 280 213 282 289 252 268 247 256 257 295 242 226 264 261 224 229 258 285 246 287 269 250 239 227 214 259 297 212 217 225 292 271 296 231 274 243 241 222 277 300 235 294 249 238 232 284 219 262 265 236 283 279 233 281 251 299 275 220 293 272 255 245 273 253 276 215 216 218 221
280 276 258 278 239 264 232 222 294 228 287 237 217 272 223 296 227 262 218 267 257 231 224 281 283 293 251 226 289 265 292 300 275 213 247 229 216 214 219 274 246 241 295 215 261 220 233 230 299 277 288 260 254 244 297 236 270 290 221 286 284 243 248 249 282 238 234 225 245 298 285 253 242 273 269 250 279 252 263 235 255 271 259 291 266
263 227 282 294 261 256 262 254 279 221 270 249 297 287 300 291 286 289 283 271 236 223 216 250 268 267 247 273 299 298 258 246 259 237 284 217 296 280 272 225 269 238 252 233 220 244 234 278 276 240 255 242 295 243 281 253 277 214 264 224 266 235 275 292 285
221 227 246
229 231 264 263 274 230 289 292 297 244 284 222 243
299 264 226 222
278 233 241 270 299 280 231 277 266 285 261 244 248 293 220 236 255 230 229 243 282 254 234 288 264 228 300 219 286 262 235 218 263 242 297 226 267 284 268 290 276 240 247 259 294 250 269 296 265 237 298 224 258 271 289 232 256 272 239 257 251 283 295 227 273 238 246 252 222 275 249 291 221 223 253 274 292
271 277 241 228 288 237 283 248 259 263 249 244 272 292 278 255 282 280 285 226 247 261 260 220 300 267 279 221 230 266 274 281 275 293 294 270 250 258 219 251 257 297 232 236 227 284 276 222 240 295 245 233 253 273 223 262 231 239 265 254 269 296 243 242 268 225 286 224
233 223 279 263 259 272 232 267 260 278 240 249 281 299 298 246 261 270 289 237 284 221 250 273 244 277 295 271 288 264 253 296 228 292 275 225 241
241
240 253 264 224 247 278 241 246 230 281 284 269 274 300 283 299 291 228 229 251 280 279 231 292 244 273 261 227 282 233 294 286 271 285 226 256 268 263 259 267 237 239 245 270 298 242 262 243 248 257 234 276 272 277 236 255 225 287 265 252 260 266
249 298 295 283 293 241 224 280 228 246 284 255 282 251 238 266 268 253 300 259 263 244 299 242 265 258 297 269 230 247 245 291 233 232 286 289 262 267 261 254 285 294 278 243 250 225 275 226 270 271 287 279 252 227 272 290 264 292
235 224 283 288 250 267 286 258 229 252 287 234 233 279 285 266 262 270 281 268 255 254 232 298 278 251 276 272
283 238 233 292 300 273 299 268 253 257 262 231 248 267 254 276 241 284 294 225 280 288 279 228 240 245 278 249 272 285 282 232 260 291 266 275 242 244 290 261 227 297 270 281 264 229 226 287 250
257 270 250 299 234 280 226 244 236 281 252 274 291 285 227 293 277 278 229 235 230 262 228 282 253 287 286 232 242 294 292 271 269 258 263 284 251 261 260 297 283 233 295 254 238 266 298 265 276 259 241 249 290 273 245 268 248 243 279 239 264 255 231 247 289 288 300 237 275 272 240 246
283 230
298 297 236 295 264 228 283 250 253 255 231 230 277 275 238 257 299 268 261 272 267 289 269 232 229 248 265 244 270 258 293 291 249
287 263 296 288 268 289 235 283 292 293 277 267 261 240 260 252 256 298 276 290 255 242 274 233 291 286 297 249 266 281 254 247 236 237 295 270 300 272 294 259 234 238 262 278 273 239 264 271 231 265 284 250 253 251 299 269 230 246 258 285
283 295 268 231 247 256 255 273 299 236 275 266 260 267 243 285 284 240 253 265 258 251 232 241 292 264 272 276 298 244 250 293 235 280 291 274 286
238 267 240 261 273 270 293 246 278 237 235 258 253 295 260 264 265 286 271 262 245 281 296 287 294 279 249 289 250 244 272 266 283 247 300 252 251 233 263 277 280 256 290 275 274 236 254 298 292 257 282 241 248 269 239 232 259 255 291 288 243 285 234
245 246 294 284 251 264 280 295
259 254 255 273 293 275 283 236 238 244 292 260 288 263 234 261 237 256 253 274 246 268 300 235 242 289 272 257 299 297 233 264 241 267 251 298 286 294 278 276 248 239 296 277 243 262
295
300 237 281 287 284 243 251 260 265 274 278 279 266 236 244 242 259 292 254 273 298 252 277 253 275 270 271 285 276 288 280 264 240 267 247 282 269 249 241 297 291 290 258 255 268 238 235 261 293 296 263 256
281 244 254 297 290 237 245 295 292 274 239 278 246 252 300 266 289 257 258 276 287 268 293 256 288 240 291 273 271 253 263 236 250 283 261 251 267 275 249 282 270 265 238 285 248 260 247 294 264 284 259 277 262 243
296 266 279 238 273 292 259 275 249 269 276 274
264 277 244 282 284 274 245 261 296 290 288 256 240 285 289 255 272 248 246 268 275 241 279 265 254
271 269 295 270 250 275 249 276 266 286 268 281 242 258 292 280 260 283 277 251 285 272 273 296 247 248 256 274 265 263 261 293 244 282 252 284 253 298 279 240 299 288 294
274 250 264 290 285 244 257 282 268 261 258 275 296 246 272 251
242 271 256 280 278 258 300 267 269 266 290 289 262 243 286 260 272 282 284 241 270 281 249 288 264 252 248 251 295 247 250 275 244 259 274 255 254 246 291 287 293 283 294 257 263 276 285 298 277 297 279 265 245 292
262 260 263 247 261 283 293 285 267 298 287 250 259 281 266 275 245 268
286 256 259 260 263 247 298 270 291
267 250 253 278 273 272 290 257 281 262 295 255 296 266 279 264 263 300 248 265 259 298 292 282 258 269 256 275 287 245 283 249 277 289 280 252 288 247 246 270 274 285 299 297 251 244 294 271 276 291 268 284 254
248 258 250 265 245 291 262 255 267 270 253 277 269
288 295 257 275 255 246 273 284 261 250 298 256 283 297 293 285 282
292 295 282 247 275 258 273 287 296 252 257 264 293 285 256 267 284 251 259 253 279 272 280 290 294 288 270 248 260 289 299 269 277 271 250 266 276 291 255 263 265 278 249 254 268 297 283 262 286 261 298 300 281 274
260 266 253 248 284 292 250 276 255 256 251 252 263 268 296 291 293 259 286 278 249 254 281 299 289 257 265 273 274 272 288 285 264 282 290 297 275 279 269 300 258 271 262 270 283 280 261 294 277 298 295 267 287
272 252 280 270 293 292 300 271 262 297 299 256 282 259 281 260 275 267 249 295 261 268 279 274 298 296 254
300 294 270 252 272 250 298 263 290 251 288 285 264 296
264 255 271 265 291 258 262 290 259 294 299 284 257 260 268 279 289 267 278 288 274 292 273 251 295 272 270 254 298 277 253 297 282 261
267 275 297 260 258 256 265 266 298 289 286 277 299 292 300 253 291 283 296 294 278 259 293 257 284
294 290 282 292 275 260 297 255 284 279 256 286 298 277 272 288
292 271 288 265 279 287 266 270 299 267 255 277 295 283 285 286 297 272 269 259 260 296 254 268 291 263 258 289 273 261
284 298 274 268
281 278
285 291 257 270 278 266 282 280 267 296 290 264 288 261
296 286 268 271 276 288 263 282 294 260 267 258 283 289 292 291
280 272 291 298 259 273 274 265 260 275 285 293 284 290 278 296 288 267 269 282 266 276 292
277 266
299 264 288 261 265 292 271 287 266 300 298 282 295 269 289 274 293 263 279 270 277 294 273 291 296 284 267 276 275 286 280 283 281 297 272 268 285 262 290 278
297 279 298 262 276 268 269 263 287 288 284 290 265 264 291 273 271 292 283 274 278 281 270 277 299 282 280
274
286 280 276 278 294 271 298 288 285 266 283 279 267 282 295 274 264 273 275 297 284 272 290 292 287 293 281
272 292 298 300 293 286 296 289 280 291 275 265 285
275 291 290 276 299 296 300 287 298 295 269 282 268 271 293 283
275 272 271 274 294 268 291 284 298 299 289 297 267 292 282 285 295 296
280 288 296 287 283 292 299 281 278 298 270 275 293 289 268 295 286 284 297 273 276 285 294 269 271
271 299 292 272 283 295 274 281 285 276 297 296 286 288 287 291 300 269 275 279 298 290 294 284 282 280 289
270 272 296 297 276 291 274 279
287 288 279 282 278 292 300 297 286 271 273 293 280 284 272 299 281 283 274 289 285 291 298 294 296
292 285 282 277 279 281 288 284 295 293 275 273 280 290 296 274 298 276 286 272 297 287 278 289
287 291 279 300 299 280 278 289 282 297 286 294 277 284 273 290 275 285 296 288 283 274
282 293 290 285 289 280 275
299 298 289 281 276 275 290 292 294 277 285 282 280
276 292 278
278 299 295 289 285 298 281 280 277 296 287 288
293 295 279 299 292 285 286 282 298 289 284 283 291 300
280 282
280 300 281 296 284 286 294
285 286 300 282 293 297 281 296 287 292
292 285 282 283 286 293 287 289 298 291 299 290 284
291 288 290 296 284 287 299 297 300 286 285 292 289
294
296 298 285 291 293 289 288


298 292 296 300 289 294 290 299
291 298 294 289 300 290
292
292 297 294 295 291 298 299 293
296 299 295 298
300 294 299 295 298 296 297 293
297 296 299 298 300
299
296 299 300 297 298
298 297
300




tarjan
exit
